286
259
155
101
78
56
100
79
48
62
49
44
40
39
47
28
31
25
27
21
24
28
8
25
11
25
9
9
20
47
22
6
6
5
1
973
183
177
121
72
43
88
80
64
47
36
39
49
33
22
37
38
22
8
31
12
10
2
79204
39704
25260
19291
16668
14711
14017
10433
11738
9730
10356
7527
7420
6427
6307
5955
6728
6464
5599
4895
4631
5470
4323
6680
3821
3378
4658
6958
4341
3753
3565
2899
2401
3374
3989
2448
3116
2643
2790
2687
2795
2493
2408
2808
3308
2277
2937
2434
2844
2774
2360
2734
2710
2169
2336
1890
3754
2444
1979
2648
1897
1957
1888
1622
2197
1295
2278
2191
2770
2011
1768
2165
1656
1834
1807
1859
1771
1627
2069
2085
1864
2457
1721
2804
1840
1573
1541
1729
1280
1193
1672
1640
1500
1416
1374
1234
1192
1674
1273
1502
1461
1545
1295
1254
1081
1024
1187
1027
1137
1307
1415
1131
1175
1000
2245
1652
789
1400
1222
1016
1449
1130
1613
1065
1763
893
4421
1837
789
1078
1143
899
1199
748
1180
1042
788
1452
1261
943
1040
897
977
1334
527
1003
980
1019
960
1063
661
1117
731
649
1017
784
994
1080
729
944
629
1202
1022
767
715
1029
750
781
947
894
525
1001
761
753
1062
880
758
884
912
465
679
670
722
597
754
729
967
634
646
590
825
760
578
547
646
584
588
786
790
341
573
813
488
876
646
558
697
662
634
761
380
723
645
715
624
531
857
569
1126
382
571
327
668
469
617
580
700
537
623
700
501
489
516
408
342
726
703
648
646
707
681
852
565
368
558
607
859
464
684
421
388
498
507
454
654
570
485
653
509
478
638
388
472
620
412
430
446
644
511
400
505
378
667
321
455
429
562
893
676
572
556
440
414
443
478
337
405
358
608
479
426
712
504
373
556
472
564
607
585
383
817
461
489
502
468
537
285
678
303
658
599
870
542
473
397
533
359
370
347
523
413
469
689
456
382
487
338
847
375
438
390
495
447
447
443
409
294
368
409
337
525
387
388
506
297
184
417
474
475
392
504
308
264
571
286
357
312
335
141
375
500
481
265
331
408
358
392
341
436
246
301
280
370
293
306
394
357
348
474
447
162
255
271
378
461
234
366
490
457
499
301
186
326
323
421
778
247
177
406
457
410
427
410
199
205
300
466
413
326
329
345
433
288
205
317
220
337
386
267
465
453
370
219
525
333
369
351
205
284
360
455
342
329
314
277
290
278
343
443
281
373
359
352
298
336
422
229
259
233
229
190
280
193
266
350
356
209
491
136
217
609
364
352
186
185
261
322
278
251
374
390
220
332
314
204
380
358
277
227
363
256
248
225
251
267
265
196
268
401
399
230
163
193
191
291
205
263
349
301
289
170
306
369
241
285
144
316
276
219
410
138
280
284
251
129
165
79
130
223
361
245
258
305
337
323
164
174
292
245
256
205
346
242
185
436
281
354
255
241
267
239
308
132
252
199
206
233
166
126
169
230
192
268
296
185
315
249
276
236
259
249
141
289
274
232
198
250
308
200
213
264
231
516
487
190
322
207
176
191
248
220
228
243
172
169
460
296
211
173
250
230
208
265
184
215
301
209
205
699
243
276
261
191
153
207
245
139
278
208
273
198
139
283
340
145
165
134
492
196
191
258
456
322
219
210
205
287
409
157
295
264
150
152
123
301
215
307
173
247
197
163
201
169
168
148
243
199
240
147
101
178
258
150
209
238
83
419
237
296
223
252
159
167
151
107
230
240
189
156
125
280
124
351
324
126
160
224
122
149
161
264
222
210
285
143
248
262
205
295
488
187
219
185
229
174
279
242
225
201
176
288
105
159
259
256
298
151
277
280
202
224
153
262
133
188
217
153
205
209
144
217
122
128
256
177
186
268
240
183
204
102
248
164
214
107
275
70
165
225
271
250
187
261
214
164
125
117
200
172
141
186
184
88
290
302
152
164
149
194
215
209
215
237
143
223
154
302
230
136
188
156
215
90
247
232
240
178
259
176
221
217
200
110
228
101
215
191
166
213
149
112
215
159
226
313
149
171
142
264
91
174
155
113
174
150
256
396
65
166
150
139
163
197
216
185
91
160
201
250
94
146
154
105
98
451
255
306
132
127
157
183
186
199
184
255
154
162
150
124
139
116
216
156
243
152
132
182
168
201
200
159
176
175
201
268
170
351
111
271
119
192
176
153
134
129
138
251
302
150
154
116
165
150
177
223
186
235
258
182
214
73
136
425
231
100
174
168
154
110
195
209
145
119
194
171
175
185
155
181
244
105
111
114
338
191
169
180
189
149
94
162
190
52
217
148
118
77
149
165
105
118
196
48
124
130
156
127
319
135
108
137
116
148
181
184
176
130
192
114
141
99
175
186
98
121
150
189
179
222
233
145
167
56
207
148
160
149
111
150
117
141
171
141
91
140
161
144
166
171
157
103
123
140
171
149
108
177
211
194
87
135
97
117
217
244
115
154
126
138
95
120
120
89
115
156
132
57
138
91
205
133
178
93
147
182
128
112
204
92
147
276
174
79
173
158
62
151
153
184
105
140
213
101
107
150
76
184
122
146
238
122
152
112
168
90
224
168
105
102
69
132
183
176
182
111
129
158
179
404
170
210
161
146
74
138
125
213
146
165
259
94
131
106
141
129
241
169
106
155
166
122
76
97
178
163
118
127
173
173
92
219
250
182
133
206
123
68
166
242
106
126
122
151
144
206
148
120
173
125
103
145
103
135
196
211
119
118
126
252
49
183
199
187
98
135
139
169
146
83
168
86
150
181
156
134
179
176
174
75
183
92
102
73
205
126
182
140
124
209
132
124
137
122
123
207
119
101
121
48
148
103
348
174
66
62
84
81
108
98
190
105
71
58
88
101
189
58
102
115
98
114
113
129
186
157
69
126
137
137
107
80
166
142
98
170
145
128
83
117
164
67
106
80
152
61
139
105
62
160
89
96
135
90
96
133
66
75
119
86
201
224
129
111
159
133
178
143
148
63
125
146
125
87
94
54
168
126
160
164
173
157
99
111
238
137
74
146
146
62
63
70
134
192
106
71
91
157
145
91
121
141
115
117
69
129
59
109
71
64
90
66
111
187
82
80
76
130
115
153
134
100
114
107
122
154
197
176
182
143
118
151
120
173
152
57
134
78
95
69
147
171
90
61
113
114
49
159
132
232
187
102
83
134
257
159
204
87
71
110
80
154
119
126
139
143
78
220
94
71
181
170
80
165
83
123
115
154
72
92
62
130
108
131
159
54
219
66
179
122
151
103
148
181
126
143
74
110
110
75
113
101
147
156
115
72
84
98
149
99
114
125
94
148
136
110
156
99
153
218
49
139
71
114
101
96
100
69
79
191
48
93
165
121
127
209
122
87
104
129
108
110
84
142
91
230
121
88
79
105
202
93
113
63
70
122
99
67
94
123
101
106
54
89
104
80
126
80
143
85
160
168
87
122
62
99
109
107
111
47
156
63
125
124
175
95
123
113
121
106
77
93
107
239
128
86
115
64
101
85
155
76
98
59
131
107
142
105
103
58
103
66
126
51
153
78
165
135
146
145
49
72
75
77
80
47
71
124
85
135
114
130
110
47
118
126
94
110
72
106
106
108
119
104
87
71
99
70
141
69
144
68
119
129
140
126
178
143
115
132
185
106
72
132
109
79
93
80
251
96
136
131
83
81
127
110
129
118
186
83
111
128
72
53
87
69
125
132
68
49
142
141
157
96
88
88
79
82
160
335
124
80
48
113
111
105
43
133
173
126
77
116
75
76
300
163
70
118
73
133
91
86
92
80
52
95
141
74
80
64
100
90
107
128
96
81
85
82
116
86
53
81
71
121
121
109
62
123
120
128
159
108
103
72
114
108
70
65
113
106
104
120
121
160
134
95
234
138
78
70
94
92
77
131
82
49
80
148
60
92
116
98
161
62
159
101
129
77
159
71
124
123
112
130
106
61
81
99
112
56
58
109
116
79
145
63
136
97
71
73
72
96
69
114
83
83
126
41
76
130
112
136
80
154
118
113
97
143
113
140
107
130
108
62
124
103
60
124
83
88
87
62
109
81
88
97
42
86
80
95
88
108
79
56
144
81
90
115
96
100
113
137
132
102
61
118
92
89
74
112
117
129
116
111
131
114
120
96
167
227
47
70
100
121
86
64
115
90
126
49
84
75
89
72
87
50
160
132
83
121
101
157
94
149
81
92
109
141
91
65
81
247
84
91
71
65
75
76
82
110
70
61
117
79
99
96
83
133
150
74
131
56
79
63
223
93
74
86
128
81
107
55
43
68
71
80
82
55
84
83
106
79
99
105
104
47
149
108
69
105
131
79
112
68
95
107
117
90
100
91
49
91
81
113
106
91
50
92
99
70
70
49
69
81
81
75
108
97
102
78
121
86
88
93
61
106
104
59
93
64
78
79
141
125
118
78
62
138
179
135
46
57
109
61
121
78
101
128
106
81
95
76
61
54
128
57
58
99
129
91
54
93
74
106
67
69
83
129
151
114
138
70
71
106
66
78
120
100
57
72
97
56
67
115
94
77
196
81
101
81
87
56
123
66
101
93
73
99
77
47
114
80
92
102
94
184
89
84
71
66
103
190
76
54
99
47
95
84
175
131
54
97
110
154
100
126
68
82
75
84
150
111
102
229
59
90
173
89
88
42
122
68
71
78
69
89
80
85
135
89
66
133
50
86
65
76
58
113
83
91
95
87
106
118
56
97
83
65
93
86
101
76
91
50
58
72
60
50
52
62
48
47
83
100
49
76
82
41
80
78
131
60
123
43
70
88
108
91
80
78
117
43
91
97
80
83
149
46
136
83
81
53
62
53
63
43
86
47
82
76
62
62
74
108
79
100
71
80
65
88
60
81
44
122
66
86
78
95
87
88
99
96
66
99
72
61
59
80
130
131
100
78
43
81
56
141
89
83
96
135
101
141
60
88
75
76
109
46
96
52
80
127
44
97
53
90
44
51
55
101
81
97
90
87
78
59
78
87
47
72
150
48
105
43
81
125
168
87
76
103
130
96
108
82
88
104
53
92
50
91
114
72
69
47
71
40
73
68
111
84
81
80
49
101
80
88
60
97
72
49
48
78
70
62
154
95
65
365
64
116
41
81
76
112
41
91
107
43
45
69
110
97
126
124
61
71
65
109
47
63
83
76
76
72
84
47
94
76
73
112
93
108
47
66
118
132
98
62
206
62
79
56
79
76
42
110
119
43
60
45
130
94
80
104
120
53
88
90
93
72
65
86
95
54
72
84
68
53
105
72
98
130
126
79
64
91
208
81
147
47
92
85
44
42
65
53
43
76
89
126
78
50
42
111
93
89
55
70
70
120
126
128
45
108
76
103
96
109
52
48
69
125
54
65
101
99
72
79
66
72
38
57
74
103
53
90
41
92
78
48
104
57
76
86
62
62
97
153
135
63
46
48
46
92
79
43
109
81
54
53
141
81
41
57
65
89
78
119
63
136
192
77
63
53
99
123
76
49
88
56
59
114
83
156
78
80
96
171
53
49
68
69
119
93
51
71
76
92
61
69
83
51
74
71
50
88
114
94
91
46
97
82
104
69
53
86
40
86
63
66
85
54
56
67
48
97
55
73
61
88
67
83
69
69
82
47
71
61
42
85
42
49
47
85
92
64
75
82
54
54
109
91
75
70
63
72
48
82
79
59
82
98
51
87
89
48
59
67
100
122
78
74
174
69
93
115
56
40
88
81
76
52
65
74
103
78
60
56
49
59
45
79
82
88
76
70
59
47
66
60
86
53
76
72
93
94
148
99
72
43
56
91
55
66
118
89
46
100
77
71
94
46
47
39
92
60
45
69
71
98
69
45
201
52
55
78
46
53
46
77
95
67
50
43
73
50
71
44
71
83
73
50
49
51
61
56
70
98
55
40
44
45
81
80
57
98
62
56
43
55
48
53
131
177
61
49
58
43
77
91
69
51
79
54
79
78
76
82
67
89
45
63
102
78
98
87
75
95
45
64
79
77
94
69
50
70
53
83
54
65
81
44
76
60
39
122
70
73
68
67
115
58
63
47
66
68
104
67
56
89
94
47
87
89
62
62
63
75
88
42
63
78
43
78
46
85
97
77
82
56
72
44
58
43
47
61
72
70
81
60
81
56
46
158
66
57
45
41
64
44
108
88
60
69
78
107
51
72
92
117
38
76
39
61
105
64
82
51
50
46
98
71
73
79
88
48
55
58
86
44
107
79
82
51
63
52
55
98
80
38
53
111
71
70
72
89
49
43
44
61
55
72
86
85
75
115
87
64
64
125
73
42
88
84
44
54
44
62
75
91
103
67
39
52
55
96
55
74
44
79
125
71
56
57
58
96
55
79
84
85
78
110
51
40
47
111
67
50
48
75
64
50
76
101
36
65
90
75
42
93
85
60
53
42
80
58
69
44
81
80
81
45
55
70
71
77
67
50
40
44
43
66
41
43
90
44
46
75
60
44
95
75
77
64
102
75
68
87
46
70
85
72
92
64
82
63
73
45
79
51
101
80
47
62
61
144
83
65
68
55
87
59
47
79
42
79
79
52
42
37
79
69
64
43
135
50
62
62
101
44
62
63
41
49
44
75
114
56
54
68
79
116
75
73
45
80
111
80
57
74
40
65
106
58
84
47
42
53
69
78
45
72
110
85
44
87
69
47
59
42
76
40
80
75
49
47
60
141
57
82
46
45
60
50
65
75
105
47
95
51
38
69
41
62
51
45
42
41
40
95
87
52
93
41
92
124
47
69
66
63
84
77
67
57
97
72
44
77
48
44
43
76
55
62
59
45
41
72
58
48
46
71
49
41
43
58
40
70
62
76
45
87
59
59
42
59
55
61
53
63
105
41
36
46
89
53
86
46
86
60
46
56
44
61
71
65
74
39
130
60
46
78
77
67
70
67
45
76
87
56
60
43
42
61
78
66
57
84
40
74
60
88
72
46
45
93
101
89
58
46
56
89
77
42
44
59
43
42
44
101
69
39
109
67
60
47
42
67
52
75
42
104
45
87
42
39
55
43
41
52
65
103
91
57
43
68
68
78
69
64
67
43
64
58
65
56
44
45
59
56
43
69
42
63
84
61
49
87
51
65
63
37
53
42
59
38
61
53
89
105
60
45
57
58
45
92
70
62
51
41
74
76
103
64
41
66
75
59
41
45
56
76
40
92
116
46
56
48
83
56
66
42
58
42
77
74
52
67
55
61
56
41
58
75
63
44
56
95
41
46
71
62
96
57
63
50
112
107
50
81
37
77
45
71
104
44
66
45
99
53
64
92
70
35
65
41
41
68
47
127
58
64
50
44
62
44
41
74
65
44
46
37
81
43
67
79
45
55
84
37
53
45
44
84
66
42
55
38
42
66
52
40
76
53
124
83
46
82
57
62
51
65
62
89
43
44
44
41
56
60
60
38
39
48
50
56
40
47
90
91
39
48
44
93
48
44
71
43
61
98
79
79
64
77
61
40
64
68
41
39
63
93
40
58
61
56
37
66
61
59
47
53
71
84
41
62
36
61
58
130
46
105
77
40
66
52
58
59
72
62
44
63
61
86
59
44
56
44
55
62
42
63
56
43
42
77
53
79
55
72
55
53
75
93
60
45
44
61
61
74
40
71
69
65
41
42
80
55
110
68
37
72
40
44
48
44
71
65
52
57
53
60
107
44
63
61
62
68
39
46
41
46
89
46
53
49
89
58
63
98
62
40
62
59
75
64
62
43
39
49
37
50
43
42
82
49
79
55
50
61
58
53
52
39
53
54
67
74
39
42
47
60
104
74
131
46
41
40
64
72
47
37
34
39
42
63
45
64
78
57
46
65
43
72
67
66
44
48
36
43
129
79
60
40
47
54
68
50
69
59
45
69
61
78
54
68
47
43
34
61
48
64
41
66
56
45
66
38
61
68
53
59
56
58
58
72
60
50
38
46
64
64
41
94
63
57
74
51
44
44
58
56
80
41
58
59
78
58
77
55
53
45
49
70
89
61
62
55
44
53
112
61
47
71
43
81
60
35
47
44
45
40
71
46
30
71
93
73
53
39
45
41
37
51
42
57
67
90
148
80
132
39
99
57
48
40
52
39
58
76
40
40
56
95
37
56
65
37
63
69
39
47
43
48
78
62
35
53
42
72
40
65
47
53
38
47
42
87
41
63
40
44
66
79
51
44
62
56
86
81
36
37
43
68
67
41
46
45
66
44
40
40
77
65
47
42
60
59
48
59
70
36
93
50
68
44
65
39
44
41
42
66
56
74
43
46
43
91
42
52
59
46
66
68
41
56
52
42
35
42
66
55
88
64
60
42
41
65
59
54
70
39
64
56
55
44
42
46
39
46
57
37
35
41
65
47
51
37
47
72
45
54
48
43
40
34
40
61
60
61
63
43
52
59
41
38
48
30
45
66
39
43
70
67
57
68
174
56
45
43
62
82
38
40
66
45
54
68
71
69
58
64
48
37
54
42
65
41
53
67
46
40
37
37
44
74
74
70
52
70
68
51
40
42
60
69
37
79
41
39
40
90
62
66
28
44
39
57
38
83
42
41
57
48
45
62
44
75
80
74
40
48
120
29
43
46
40
77
42
45
41
80
35
80
46
49
37
127
90
45
78
40
39
52
43
79
44
61
42
56
37
67
39
36
48
76
63
153
95
39
40
74
37
76
41
35
42
42
74
74
55
40
62
44
40
66
48
64
52
59
41
67
63
63
40
67
49
41
43
42
49
45
45
54
58
37
44
48
66
167
41
77
45
42
35
41
77
82
53
69
89
39
46
53
36
45
49
100
44
40
74
40
44
46
40
50
60
47
67
48
75
34
45
38
47
32
43
56
44
58
48
41
42
35
37
76
65
39
41
32
41
45
94
47
65
53
41
43
51
38
40
42
34
36
49
65
41
64
49
53
66
84
41
68
35
46
71
59
41
65
67
79
41
64
54
56
38
42
50
59
42
52
36
41
39
60
39
56
45
55
71
44
62
34
57
54
60
35
43
49
39
75
50
42
41
46
72
45
40
37
42
64
52
73
75
45
55
42
55
76
65
43
42
42
37
53
59
38
45
42
45
43
60
43
66
45
42
60
86
70
36
60
52
55
92
40
38
59
48
44
64
68
42
77
40
42
44
71
87
70
70
60
38
41
64
37
34
40
49
54
44
85
42
54
52
54
72
42
41
62
43
38
41
76
46
43
45
60
38
56
66
82
40
41
55
33
44
38
54
39
33
39
78
41
79
48
71
66
49
47
38
39
56
39
38
42
44
38
40
39
65
75
58
60
75
46
82
52
49
37
40
44
44
63
81
41
39
66
58
41
46
38
41
45
73
41
44
74
38
40
46
37
48
41
41
32
62
35
55
44
55
39
44
45
38
66
50
37
54
44
55
50
47
53
62
42
36
81
46
75
62
67
63
59
36
49
40
46
57
36
40
40
60
62
40
50
49
41
71
129
49
39
40
78
59
51
53
40
52
41
40
38
42
60
75
76
41
42
41
39
46
43
33
73
44
37
54
43
53
55
43
41
39
37
60
42
68
40
35
48
43
43
57
56
46
43
48
73
53
55
50
43
79
45
41
66
72
61
38
42
35
37
40
41
71
50
35
37
34
57
52
43
53
65
39
36
62
51
46
38
56
39
38
44
43
81
52
39
88
110
35
37
60
43
54
57
44
40
38
39
48
84
54
35
43
42
37
64
41
37
48
38
37
44
71
43
41
45
39
62
65
41
57
44
79
44
40
41
36
43
45
38
46
52
43
43
55
42
86
41
30
58
72
44
45
52
46
36
85
42
49
59
48
75
37
36
48
62
54
36
35
42
61
37
54
45
55
70
43
38
45
42
42
40
53
44
40
45
69
39
33
43
40
40
41
63
52
33
57
55
54
47
40
40
40
53
50
61
40
39
66
37
38
74
27
109
53
49
52
54
60
52
91
36
41
38
51
69
46
71
43
44
37
63
40
40
43
40
37
48
39
73
60
42
36
46
39
42
62
77
56
64
42
41
37
45
31
59
60
56
34
63
77
72
45
46
55
45
72
30
53
37
100
45
59
34
35
60
72
32
45
35
41
80
58
62
55
56
59
105
48
62
39
39
73
39
73
42
39
74
39
44
35
39
36
36
23
44
41
43
50
35
38
61
46
51
40
63
35
65
88
81
56
40
43
98
45
41
58
82
59
67
34
56
49
53
67
80
49
45
57
50
39
48
58
44
36
48
50
50
41
50
42
65
42
48
59
43
39
33
37
61
62
75
43
58
51
43
39
50
36
49
56
35
38
86
37
42
52
39
47
65
40
65
34
38
48
43
45
56
54
39
67
39
51
44
34
35
41
35
46
72
74
39
50
44
36
53
46
40
54
45
66
38
43
36
57
41
60
57
50
50
43
36
58
49
38
49
44
78
64
42
43
38
42
81
62
41
33
61
30
45
42
52
65
79
54
59
47
34
62
45
62
75
40
40
72
42
64
56
50
65
52
45
47
66
41
42
37
37
35
53
39
36
72
33
42
42
47
44
73
47
38
47
36
41
60
42
48
40
41
56
81
38
67
48
39
33
56
72
48
39
36
38
43
42
40
33
65
51
42
50
40
57
46
39
44
37
44
43
32
75
40
36
30
40
37
37
37
41
47
33
64
49
64
58
37
41
62
42
76
38
40
44
59
31
41
37
61
40
56
47
30
42
40
45
46
42
76
59
40
39
62
48
43
30
40
65
52
36
41
55
69
50
48
39
40
42
38
42
41
39
36
42
75
41
38
37
35
34
38
51
48
57
34
38
41
55
39
42
36
38
38
40
44
61
41
35
63
51
43
62
62
66
42
50
46
52
34
40
37
39
39
41
47
42
41
37
48
52
60
46
44
37
48
50
61
47
55
46
46
85
39
52
70
37
62
61
59
45
33
66
56
49
59
41
59
35
37
58
37
40
61
52
60
63
57
39
44
47
53
36
40
40
46
58
40
37
64
48
49
35
111
67
69
38
41
44
47
59
40
40
67
41
39
35
57
48
46
54
36
35
37
33
36
33
46
42
96
59
46
49
41
49
43
64
38
39
52
40
77
44
34
36
52
77
55
106
41
41
49
43
83
43
38
35
36
40
70
38
465
42
41
52
68
40
40
44
38
41
43
37
39
67
44
34
38
37
44
27
35
45
48
59
65
42
45
34
43
55
60
39
67
44
38
65
35
44
47
55
35
57
40
49
30
41
42
43
38
39
75
54
73
42
97
34
40
33
38
37
27
148
54
36
39
93
43
39
34
37
41
41
48
50
47
38
48
68
43
34
38
62
38
42
37
55
42
34
35
26
55
63
53
40
40
38
40
73
40
43
48
57
42
36
33
44
44
37
35
38
60
37
76
38
47
30
44
44
40
39
34
38
42
32
43
40
40
37
38
41
68
34
55
34
50
47
39
40
32
37
40
39
42
64
34
30
39
47
72
38
39
31
36
42
52
36
71
54
38
33
39
50
40
41
36
39
41
35
36
60
38
59
35
35
41
24
58
34
46
29
38
74
72
40
48
50
37
40
55
40
37
36
37
36
61
40
34
49
42
44
38
49
30
60
34
34
37
43
63
55
44
57
33
39
110
59
28
92
31
42
50
68
53
45
32
41
41
100
38
77
32
53
47
35
51
59
40
37
38
36
37
33
31
41
42
73
60
38
64
38
39
44
37
75
42
44
41
41
38
71
59
31
39
58
41
36
43
43
35
49
47
32
38
51
52
42
64
31
37
41
34
48
38
38
55
126
47
39
62
41
40
52
59
33
37
39
58
62
41
37
44
33
62
34
38
38
42
59
43
49
30
44
38
50
46
66
38
56
33
52
76
63
43
50
46
66
43
26
34
38
28
43
43
55
41
78
81
33
27
68
41
63
42
37
86
35
65
47
37
40
35
59
44
36
41
47
61
40
79
46
39
88
28
56
42
53
39
58
53
34
105
56
33
46
41
49
37
30
45
43
30
53
41
27
40
48
44
39
37
38
62
30
39
69
29
40
56
51
39
60
41
43
41
59
42
35
31
75
44
35
38
46
66
44
41
58
36
36
39
46
40
68
34
63
62
40
69
46
38
36
141
61
40
38
40
44
44
37
99
41
46
71
46
49
41
34
37
35
39
44
37
54
44
62
49
40
51
58
37
39
53
38
37
37
43
40
34
26
36
42
41
37
41
34
34
39
38
39
55
33
34
47
42
40
67
66
42
38
40
47
43
31
66
41
38
38
32
40
31
39
48
37
38
43
46
41
43
38
57
40
36
59
38
60
41
66
44
39
43
38
34
34
42
55
33
40
50
47
47
43
38
37
35
36
37
37
41
48
52
71
42
39
45
62
36
70
31
57
63
49
35
37
38
37
41
33
35
58
47
50
38
45
34
29
35
44
38
41
35
42
43
48
41
38
34
41
62
52
33
32
39
35
70
41
33
44
49
30
43
58
59
36
47
36
50
52
32
42
43
41
39
34
35
34
48
49
37
41
32
37
38
33
40
56
36
41
38
54
36
39
24
56
34
39
74
42
27
36
43
40
35
42
43
63
58
50
38
34
36
37
37
32
38
31
45
40
67
39
34
52
51
38
44
37
45
40
41
51
34
43
48
71
95
52
38
30
38
55
35
57
27
53
37
33
35
43
41
44
27
85
44
42
59
40
37
38
40
54
51
37
52
32
26
44
36
41
39
63
43
35
29
38
45
52
40
45
42
38
34
65
63
37
54
84
38
52
41
44
28
39
38
41
53
44
39
39
60
48
29
31
29
38
37
42
23
38
53
37
45
49
38
42
41
38
47
42
39
34
57
43
36
68
38
37
62
83
36
36
36
37
37
42
61
41
38
65
30
41
55
35
42
41
40
34
37
42
30
57
37
35
49
41
33
60
40
31
52
32
39
41
78
20
46
32
42
37
69
30
36
58
44
38
47
65
29
39
36
35
73
55
35
50
34
41
45
38
36
37
40
33
66
39
37
36
34
48
42
60
43
43
60
35
38
37
38
58
39
35
34
37
57
31
49
35
36
35
73
40
41
115
33
43
36
47
38
42
37
35
33
43
59
41
30
37
40
36
40
67
45
41
62
46
49
43
50
49
39
65
39
34
63
66
38
41
48
37
44
35
37
45
38
41
34
47
34
70
36
42
30
48
44
45
45
36
54
36
36
37
68
42
41
46
62
123
38
54
40
42
34
33
25
40
41
36
32
40
41
46
27
39
35
48
39
41
40
37
38
38
39
94
42
43
56
41
52
40
39
37
29
41
39
40
41
32
30
43
35
36
32
41
52
79
38
36
28
33
36
39
63
22
85
38
52
38
33
35
33
41
41
39
39
31
36
38
43
48
39
35
39
31
93
32
37
40
38
37
32
41
33
39
29
40
37
44
60
38
42
41
38
54
37
37
38
46
57
43
35
39
34
34
60
68
39
38
34
49
37
61
44
37
27
30
37
40
36
38
42
36
39
30
33
54
48
40
39
26
41
44
32
39
26
46
47
37
83
37
30
35
66
37
42
49
36
64
38
32
66
49
34
56
37
38
49
35
50
27
51
41
39
39
51
45
33
36
36
57
87
41
28
30
35
39
43
27
35
29
39
38
35
35
56
28
39
36
79
36
28
34
41
44
51
37
37
43
35
44
60
65
42
48
39
49
27
54
43
34
49
34
43
40
40
40
24
51
41
36
39
46
36
38
39
39
61
61
63
39
35
41
38
36
32
36
41
42
28
41
35
40
41
37
42
57
51
31
39
40
38
40
47
31
36
37
63
44
50
34
39
37
35
36
46
36
38
38
39
37
34
36
41
37
38
30
55
38
30
34
35
21
47
54
35
39
50
25
37
35
31
41
32
38
41
38
63
27
40
38
36
41
54
39
40
40
34
38
41
74
36
36
30
42
39
41
30
36
36
56
35
42
34
36
22
35
39
33
47
36
55
33
33
32
38
57
52
34
27
39
39
52
65
40
32
52
43
34
39
39
26
43
40
54
27
51
37
62
39
33
38
37
39
37
29
40
41
37
48
37
30
29
39
40
46
40
42
41
34
39
35
30
39
58
58
37
35
51
30
41
33
32
37
59
34
31
39
31
33
49
51
44
93
33
33
42
37
30
47
35
31
29
42
47
42
45
35
42
48
37
39
39
58
37
34
36
35
38
72
43
38
32
38
48
40
38
35
40
36
65
39
54
80
36
44
37
35
32
44
40
53
40
30
35
31
34
38
36
39
58
32
41
35
41
34
34
56
43
37
48
32
38
71
38
32
33
38
43
33
26
40
41
52
41
39
36
38
37
48
31
55
42
48
28
38
31
57
34
39
40
41
37
85
41
36
36
48
36
43
37
29
35
39
35
37
32
54
38
52
45
34
30
58
50
30
30
25
33
31
38
35
32
40
34
54
33
36
32
38
33
36
29
37
52
42
87
44
34
36
39
34
32
32
41
39
35
39
37
41
39
31
34
34
51
40
41
38
52
40
38
74
38
39
58
43
45
34
46
45
40
58
19
39
34
37
35
35
41
38
31
37
30
31
42
36
31
44
33
40
62
33
59
44
39
37
34
36
36
37
43
31
39
32
31
62
38
26
41
44
34
52
75
35
45
34
35
34
37
50
64
41
43
35
42
37
40
35
46
31
39
41
30
41
41
46
36
69
37
35
40
34
33
32
39
32
31
54
49
36
39
27
38
35
41
33
41
34
39
45
40
36
40
25
41
35
28
44
28
19
39
33
32
35
32
34
39
33
41
37
35
34
32
28
38
43
52
40
36
46
37
31
40
30
34
34
37
38
33
34
30
38
42
40
37
34
40
33
31
40
49
36
32
31
41
42
34
26
38
38
36
35
33
36
35
40
42
41
31
31
23
36
36
36
41
37
47
38
39
31
54
26
62
28
38
37
87
25
39
36
25
43
73
36
45
36
37
51
40
41
56
35
55
43
30
35
38
35
39
41
47
32
36
37
23
37
37
43
41
36
25
41
41
39
57
40
34
38
33
43
39
48
36
40
27
42
43
43
38
34
35
38
34
36
54
34
37
33
39
38
34
36
34
38
37
38
38
33
40
41
41
39
44
31
46
34
38
33
39
35
37
31
43
63
38
63
40
34
35
34
33
32
45
43
35
27
38
30
52
26
38
37
37
31
40
37
38
37
37
31
40
36
37
76
38
54
50
53
54
40
37
30
60
33
55
84
29
36
31
39
68
47
41
48
42
25
47
49
43
36
40
48
93
52
52
31
43
26
33
35
37
36
28
31
42
25
37
38
34
41
43
32
37
37
33
36
36
34
38
33
34
34
31
41
39
33
34
46
38
44
55
41
45
36
38
36
35
38
32
28
28
42
24
42
35
38
29
33
33
43
38
37
32
34
41
60
34
37
39
39
32
22
41
35
37
48
32
35
29
40
40
42
71
47
39
36
36
37
34
49
35
32
34
29
28
39
33
32
34
35
29
36
45
30
53
13
28
32
29
34
40
70
23
47
33
39
34
39
39
36
34
30
34
38
34
44
39
39
48
40
34
31
35
40
25
37
35
46
42
44
33
30
35
30
32
33
35
38
40
34
37
37
36
45
35
34
28
33
215
36
101
34
28
31
32
41
45
38
41
46
35
28
41
53
35
36
28
34
32
41
32
31
31
25
36
33
34
39
39
40
30
29
37
43
39
38
32
32
37
34
33
43
44
45
30
33
30
26
34
35
35
33
16
32
42
37
55
35
37
38
34
83
40
30
28
35
31
36
47
29
54
33
43
36
41
42
60
44
35
66
34
41
37
37
36
35
33
37
33
42
38
34
32
52
34
42
39
38
29
36
32
39
40
41
40
36
56
43
29
37
37
41
42
27
15
31
34
32
31
35
38
33
27
39
37
39
34
22
40
33
35
28
45
41
28
41
35
28
38
40
40
40
39
43
33
36
31
38
33
33
38
39
31
26
37
34
35
48
35
41
36
29
33
36
33
33
33
39
37
37
30
18
24
38
43
27
37
25
39
30
40
42
36
41
37
35
41
24
34
43
37
35
37
39
36
41
30
36
41
36
27
15
19
31
67
33
62
39
42
41
36
31
35
39
26
32
41
33
36
33
29
19
42
32
40
36
35
37
30
34
35
23
34
39
39
42
38
32
31
39
36
33
39
38
42
37
38
60
40
37
33
40
39
35
36
38
38
33
36
26
21
34
40
31
40
64
34
30
54
31
29
34
34
34
37
49
48
33
29
40
42
39
37
26
40
51
43
36
41
38
42
33
28
31
36
35
40
38
22
30
26
49
20
31
25
39
26
37
80
29
39
33
50
31
43
30
36
51
38
34
41
35
40
36
35
44
38
42
47
34
15
31
32
30
51
45
36
37
32
40
35
53
30
47
38
34
28
31
38
51
28
47
34
41
34
23
37
35
38
40
38
33
35
35
31
40
41
30
24
46
31
33
29
39
35
35
37
41
37
37
50
37
27
39
28
39
23
30
54
32
26
33
42
35
55
70
35
31
30
44
44
68
40
32
40
38
36
38
31
38
37
22
35
31
50
40
37
39
23
44
45
103
31
48
57
42
34
41
30
34
12
37
31
37
30
27
30
35
37
42
28
26
36
36
35
49
31
33
28
36
24
36
33
39
37
31
38
36
47
35
87
39
37
37
26
34
38
40
3
60
34
30
23
33
27
39
41
35
34
34
39
31
28
41
42
35
41
38
40
30
34
22
39
44
42
42
59
31
26
37
26
29
39
36
44
42
33
34
79
51
33
29
36
45
33
42
36
33
35
31
30
50
37
37
29
45
42
35
39
36
36
36
37
42
59
21
34
36
37
43
32
84
37
34
36
40
36
28
34
29
41
28
26
39
29
20
33
41
52
33
34
33
42
40
34
27
31
29
32
38
37
42
69
29
32
33
35
34
38
34
39
42
20
36
33
34
33
35
30
33
32
29
23
53
52
33
25
59
26
31
27
35
27
55
37
31
89
34
34
39
30
31
62
35
20
18
40
31
48
36
41
37
30
33
31
31
31
37
36
33
27
36
32
39
65
28
34
33
39
31
29
35
34
39
67
41
49
28
33
36
37
41
40
42
57
19
28
34
34
43
39
33
37
35
34
30
36
33
42
33
38
33
35
34
38
38
34
30
33
34
36
35
30
34
40
39
30
40
35
42
37
29
35
29
33
34
44
26
35
33
38
25
33
25
35
23
17
41
42
34
33
33
27
70
26
37
31
37
36
35
36
32
36
22
29
26
36
36
39
36
34
39
25
38
21
34
37
35
42
41
38
33
34
34
39
23
36
37
36
38
29
34
37
31
49
41
29
37
35
38
39
38
34
41
37
28
42
32
54
36
32
37
34
35
32
30
34
35
30
39
37
37
33
42
70
37
44
43
35
36
35
37
36
35
34
51
35
31
40
47
34
30
29
27
64
27
50
28
37
36
32
39
21
34
32
36
40
33
40
35
37
27
35
21
47
22
41
37
38
45
8
35
36
35
32
35
29
36
36
30
28
42
28
42
66
35
37
24
41
31
39
36
30
37
42
36
36
27
35
41
37
44
39
38
36
21
36
35
28
20
39
37
31
38
29
36
34
33
36
26
33
33
42
39
36
31
36
36
38
32
28
30
37
31
45
35
42
34
18
35
47
39
42
27
32
18
42
45
33
37
35
33
38
30
37
33
40
39
34
61
35
34
36
33
48
36
13
38
32
25
32
18
34
29
41
33
39
37
32
49
41
28
19
27
26
35
17
37
30
32
41
38
39
32
30
47
33
33
46
35
29
36
38
35
36
34
39
35
29
36
35
37
30
53
42
35
37
45
16
32
23
39
34
40
41
34
31
35
36
38
32
35
31
34
29
32
38
36
26
28
34
28
39
17
31
29
37
67
32
33
32
32
36
33
32
32
33
32
37
33
37
34
27
14
35
35
37
54
37
14
38
33
40
35
25
54
33
37
38
39
22
43
39
29
40
28
39
35
28
25
41
30
37
37
35
35
19
92
39
34
28
39
25
32
37
34
35
35
34
31
38
48
39
27
3
34
41
38
25
32
37
29
31
36
38
39
31
45
29
20
37
37
45
43
40
26
34
33
22
24
35
29
52
55
36
39
32
29
30
49
30
42
34
37
34
37
36
16
35
34
31
37
30
37
33
33
32
30
40
25
27
35
36
41
37
39
26
41
50
32
58
34
37
52
35
37
36
30
26
26
32
36
35
29
33
25
32
35
36
33
20
39
37
37
27
33
34
24
31
26
34
27
37
29
42
34
29
31
35
32
27
39
38
30
36
35
34
31
13
38
38
34
68
37
28
43
3
36
34
39
35
36
37
34
36
26
60
36
39
34
37
33
35
32
40
27
31
27
31
35
29
13
39
34
38
26
27
32
34
30
28
37
44
34
34
32
35
34
35
37
43
16
51
31
33
34
34
34
55
31
35
42
24
40
32
26
29
34
25
34
34
33
31
25
37
25
38
35
32
36
40
24
34
34
26
34
26
34
33
34
43
56
40
33
29
38
37
30
28
32
57
44
38
37
30
30
32
25
44
57
32
32
42
35
34
24
47
20
33
35
43
38
17
34
31
27
29
35
53
37
28
33
34
31
23
31
30
33
37
26
36
53
34
38
40
36
34
19
36
38
55
39
30
30
39
32
32
39
39
37
39
76
34
37
33
27
28
35
25
34
33
23
41
29
30
33
27
31
31
42
37
25
34
33
43
38
37
36
29
40
36
35
30
47
41
34
27
43
38
29
38
35
23
50
32
43
31
21
24
41
41
54
32
27
45
22
31
21
44
38
37
35
31
40
27
36
34
37
39
28
38
36
22
27
42
30
25
33
30
41
33
31
32
37
34
47
47
35
42
26
35
41
36
35
32
32
36
38
27
30
30
40
30
31
29
38
19
39
32
36
33
42
35
24
34
33
30
32
38
25
23
37
13
58
26
31
33
35
32
40
59
36
31
36
35
24
26
31
39
30
35
20
29
35
35
36
39
31
37
39
37
28
38
32
38
39
30
29
49
29
37
26
35
31
37
35
34
36
37
25
30
23
34
31
38
34
31
32
42
22
35
37
29
37
56
33
37
29
29
31
28
24
34
30
38
35
33
34
36
32
38
34
39
31
31
32
33
32
32
40
37
29
19
36
36
30
27
26
39
43
39
34
28
26
35
37
29
34
36
32
37
40
33
34
32
30
36
23
29
35
46
32
32
35
64
28
30
30
30
34
43
37
33
33
27
29
37
29
36
41
38
25
29
34
28
33
36
39
31
27
32
35
42
39
30
38
37
34
35
28
42
37
32
37
22
30
28
28
38
66
30
37
41
29
32
29
22
23
38
31
25
26
31
40
31
31
34
32
34
33
37
26
37
27
26
28
31
51
37
38
32
31
37
36
54
39
35
22
27
21
29
34
39
35
21
26
22
21
27
25
36
40
31
39
34
30
22
32
34
32
32
37
26
23
39
35
41
34
34
26
15
38
13
38
13
34
38
31
35
64
34
30
34
32
39
27
23
39
23
37
28
31
45
34
27
32
27
32
36
51
27
34
41
11
28
24
33
28
29
46
33
17
40
30
28
36
20
34
25
34
34
36
31
38
32
26
32
11
32
54
15
28
43
34
35
34
36
33
34
35
48
24
32
32
35
21
44
31
20
38
26
32
28
37
31
11
32
35
38
40
34
28
35
35
38
28
37
35
33
37
21
42
29
35
30
34
23
29
37
24
31
35
34
39
16
36
59
48
30
32
35
40
31
30
36
27
31
31
27
28
38
30
33
53
28
29
37
25
41
30
35
59
26
22
29
23
29
31
23
31
27
39
28
29
35
22
38
37
34
29
32
32
57
32
33
36
27
32
35
29
29
25
32
35
37
27
23
33
42
7
36
24
29
53
38
60
32
18
29
32
32
36
24
34
38
34
28
30
30
6
30
30
28
32
35
33
32
34
33
33
26
36
33
32
25
42
23
36
37
33
31
36
51
26
35
40
35
23
36
34
34
29
35
36
35
36
32
27
32
33
34
35
26
45
37
36
28
31
41
23
30
28
32
35
33
34
14
37
39
27
21
33
34
37
21
27
24
37
22
37
39
31
36
33
24
33
35
34
27
27
35
31
32
26
32
34
40
29
34
21
32
36
31
37
37
33
30
14
34
29
35
26
36
12
39
36
36
37
28
35
21
41
35
23
35
26
30
38
46
42
35
34
34
31
33
26
29
34
42
27
31
33
36
37
14
34
39
33
34
39
30
31
42
34
26
27
32
27
30
38
40
29
29
34
29
17
9
32
30
29
29
28
34
25
28
37
28
23
42
32
29
40
37
32
34
28
40
23
28
37
31
31
34
25
45
66
39
32
29
35
38
31
38
27
35
28
5
43
32
75
31
34
37
35
32
35
39
23
37
29
24
28
42
64
34
34
27
32
35
24
38
30
34
26
30
30
34
41
39
31
39
39
39
35
32
41
35
21
38
39
37
36
33
32
30
38
38
31
47
25
55
31
33
28
34
31
14
19
35
25
81
22
27
32
37
35
41
20
32
24
32
33
35
22
23
23
37
30
39
28
36
33
30
26
27
60
34
33
24
34
31
32
13
32
28
35
38
30
35
29
37
27
47
26
43
31
38
26
34
38
39
32
32
23
25
22
31
33
35
23
38
36
63
35
18
38
28
34
33
22
36
30
29
26
37
35
32
27
36
17
29
39
38
36
28
35
27
26
30
37
39
36
34
30
36
32
26
32
28
22
41
31
26
21
34
30
36
27
31
26
36
34
26
50
21
39
31
35
31
32
34
33
31
32
21
32
33
33
28
35
28
28
33
31
36
34
35
35
19
25
29
32
41
35
24
38
40
34
29
34
28
30
27
32
33
37
32
30
39
23
30
33
35
43
24
37
32
33
21
31
38
32
39
38
39
28
29
34
28
40
34
34
35
38
29
17
30
31
30
23
35
29
20
36
31
28
35
39
37
29
33
32
32
39
39
40
35
38
26
31
22
32
35
22
22
34
29
34
37
42
36
32
36
31
25
1
33
34
39
36
49
28
26
35
22
23
26
32
38
28
23
30
35
27
29
27
25
36
29
20
32
30
29
33
22
32
34
39
32
25
32
23
24
28
52
38
18
23
38
29
42
36
24
49
32
29
32
33
32
27
26
35
37
31
25
32
29
28
27
23
33
35
26
34
36
34
28
23
36
30
22
36
19
33
33
35
34
35
26
23
39
34
42
40
30
40
36
40
34
34
32
26
41
18
37
31
35
30
33
36
37
30
32
33
28
31
31
31
32
13
29
32
24
30
31
30
33
30
22
22
29
38
45
30
33
27
31
35
34
43
28
30
36
25
25
30
31
30
36
31
38
39
34
32
12
31
8
37
20
35
17
14
36
36
21
31
37
32
31
30
24
23
34
34
41
25
30
40
31
28
32
34
29
33
37
27
25
31
36
26
38
35
31
23
40
32
27
32
15
41
33
43
28
2
28
28
27
27
32
34
20
35
34
37
39
28
35
24
24
38
26
36
24
34
25
24
29
21
24
28
29
32
25
32
38
44
40
62
36
28
17
14
29
28
31
31
33
30
39
28
38
34
21
31
29
40
22
32
32
30
32
27
33
34
22
33
39
29
38
33
31
23
23
33
31
33
30
23
34
28
30
62
30
35
31
10
33
23
31
33
23
29
26
36
31
31
36
20
18
22
25
40
29
23
30
28
30
29
31
29
26
37
31
34
35
23
30
30
25
26
27
30
35
31
35
36
34
27
24
35
18
33
25
30
18
47
30
34
39
23
26
33
40
36
28
36
35
30
22
34
16
26
38
33
30
35
33
42
30
35
19
26
36
31
29
37
35
37
33
30
26
40
26
32
36
34
33
28
37
29
34
25
35
17
35
33
21
29
31
33
24
26
25
38
34
41
32
27
15
25
38
45
27
29
36
21
48
31
19
12
21
32
28
35
22
39
70
19
38
36
30
32
34
32
29
36
30
18
24
32
22
23
37
28
36
32
35
38
34
34
37
20
32
37
20
39
35
35
10
28
37
24
33
44
33
33
27
30
36
25
36
36
31
32
23
33
71
36
16
32
28
35
30
24
36
31
33
36
35
15
23
33
32
31
27
35
33
31
32
22
31
31
40
31
31
32
25
30
29
28
30
36
32
36
36
22
27
37
13
31
26
45
34
33
26
35
41
30
30
28
27
26
29
32
29
2
33
16
36
27
21
30
22
41
33
39
30
33
40
34
35
25
30
2
29
3
23
11
29
35
25
35
29
28
30
30
37
27
39
24
38
36
29
34
27
36
34
33
36
31
23
32
32
30
66
31
21
23
21
34
30
36
34
37
32
36
36
31
36
27
26
32
31
26
1
33
30
15
29
40
27
28
19
36
22
39
36
10
29
27
32
36
37
26
30
29
23
29
27
21
29
36
35
22
30
30
38
36
28
23
40
20
26
24
28
29
34
16
27
32
43
34
16
44
23
32
36
30
34
32
30
34
23
30
41
27
32
34
31
33
36
27
28
35
24
15
39
38
26
36
29
34
32
38
32
25
34
33
22
33
29
30
29
37
35
33
13
32
32
23
34
30
29
28
35
31
36
23
37
30
25
26
28
38
41
33
30
32
21
32
31
27
29
38
18
18
16
32
33
30
32
30
26
31
17
34
38
33
28
21
38
37
41
31
28
31
34
29
35
25
35
33
34
32
39
24
34
25
37
26
36
24
29
21
37
47
26
34
34
36
37
33
31
20
32
40
28
28
31
9
33
25
59
34
13
1
32
36
18
32
27
25
16
27
35
38
34
34
38
32
29
38
35
34
55
32
30
29
31
30
26
28
32
33
36
42
33
27
21
36
27
24
33
29
30
23
38
34
33
33
26
31
32
22
37
34
25
27
29
32
40
36
37
34
34
24
37
23
31
30
32
35
28
36
30
32
20
31
35
21
30
33
24
28
21
32
32
32
30
35
29
38
36
33
30
36
35
31
8
17
38
27
32
10
28
14
35
32
33
22
37
12
29
25
30
9
30
11
28
30
32
37
25
30
33
34
30
38
39
24
33
31
27
16
21
25
34
21
34
34
32
23
39
4
33
35
16
19
31
36
31
24
26
37
30
37
39
35
37
30
30
29
28
34
35
36
10
24
34
30
35
51
36
26
43
23
37
25
33
28
37
28
25
27
34
18
28
21
11
22
26
39
35
35
35
22
33
27
34
31
23
22
30
31
24
27
23
38
29
34
32
28
34
39
24
23
20
27
35
38
38
5
34
34
16
31
28
37
25
36
31
29
22
28
37
39
37
3
32
30
26
36
36
35
26
27
52
29
35
27
41
29
27
33
38
32
28
34
30
31
36
17
29
38
23
12
27
36
31
33
28
28
34
27
28
31
30
22
15
29
29
36
28
33
19
36
29
34
37
40
36
31
28
29
35
15
53
27
34
26
33
34
30
22
25
21
34
32
27
35
24
26
30
26
25
45
26
34
38
30
28
35
34
28
33
26
40
35
35
23
30
30
33
27
37
30
30
22
41
32
39
34
26
31
34
34
33
33
25
31
28
24
32
37
24
17
33
36
22
28
29
34
40
35
36
20
37
12
22
31
36
23
29
28
26
32
40
24
31
39
36
35
34
31
35
23
27
30
35
33
37
29
28
36
22
30
34
35
31
35
36
34
39
30
33
12
34
21
33
36
27
24
22
39
28
36
41
23
23
30
14
32
30
36
24
37
26
34
25
38
32
21
36
28
36
30
24
35
33
31
39
21
33
38
21
39
43
31
32
26
33
19
37
33
25
15
31
22
36
34
27
34
37
25
34
29
32
26
36
30
32
15
47
23
39
32
16
36
18
11
35
30
32
37
30
33
29
33
38
34
40
22
33
19
33
36
16
30
26
24
30
24
23
35
37
34
32
27
28
30
37
29
34
37
26
28
35
31
49
29
23
39
27
34
35
19
31
10
33
41
24
37
36
26
34
7
9
31
26
6
33
11
29
28
27
27
28
34
31
37
36
36
33
28
35
20
34
31
37
33
61
31
37
21
31
27
27
24
28
21
25
35
33
39
21
29
21
30
26
15
18
31
36
34
27
35
31
29
30
33
48
36
41
21
30
32
25
32
34
15
30
29
29
31
22
24
12
36
23
28
28
33
24
32
36
26
49
32
30
23
41
21
10
16
35
34
16
29
29
23
19
31
36
28
37
3
30
25
36
37
28
39
25
36
37
27
30
36
25
52
28
20
29
31
32
25
32
28
32
26
32
22
30
34
23
18
17
35
37
27
15
31
31
18
28
20
35
37
35
31
20
34
25
26
12
23
26
54
30
10
36
22
29
26
38
32
34
28
18
30
27
33
38
36
18
30
21
18
29
36
39
28
33
40
3
35
34
32
40
35
14
28
35
22
27
33
35
25
33
39
28
25
34
23
36
31
29
32
31
26
25
31
23
29
27
32
25
37
37
28
18
24
30
15
30
17
32
25
25
34
12
36
30
35
32
34
28
20
35
28
30
29
36
26
24
30
26
35
28
36
33
30
30
26
30
33
31
28
18
35
24
29
25
31
16
19
16
63
29
24
35
30
27
18
32
28
40
28
29
35
30
33
16
37
33
28
33
21
33
25
21
11
32
28
38
31
30
39
33
30
17
24
30
30
35
27
10
26
20
32
22
10
37
18
1
30
30
32
26
7
27
12
31
24
17
30
35
34
27
16
42
30
30
24
24
25
29
38
26
33
16
10
21
29
33
26
26
32
29
34
34
32
37
20
36
34
31
36
16
27
33
25
27
33
18
28
28
21
28
30
33
30
26
25
31
31
39
35
21
35
25
27
19
33
33
25
34
26
18
20
33
36
31
20
17
22
18
23
27
32
23
21
13
33
27
10
33
26
29
20
35
36
35
27
33
31
37
20
22
26
33
37
19
33
20
29
19
28
24
34
38
15
32
29
31
37
27
34
22
42
11
26
38
34
47
21
33
8
29
38
33
25
34
19
1
35
28
28
26
34
41
29
31
14
25
25
28
26
24
8
36
30
31
1
36
27
54
33
42
27
29
15
37
15
28
36
28
39
35
35
40
30
23
24
28
32
32
13
18
32
18
17
25
31
26
26
29
27
35
28
27
23
29
33
24
35
26
31
30
35
36
29
37
37
30
24
11
37
39
39
25
23
34
25
31
31
30
1
26
33
15
29
30
35
40
29
20
14
29
23
22
28
29
29
29
14
14
32
39
30
61
14
35
36
33
28
17
24
31
27
29
36
29
30
37
28
35
32
31
27
29
22
25
31
9
36
35
34
36
21
27
20
18
25
25
34
23
35
29
23
41
37
37
8
21
8
25
33
19
22
30
31
28
32
31
30
37
36
28
26
35
26
21
35
14
28
36
32
31
27
33
20
25
13
34
31
38
35
30
25
36
28
20
30
29
34
29
30
33
25
35
30
31
28
30
30
30
26
31
24
14
28
34
36
11
10
32
32
32
33
20
31
32
16
32
37
29
30
29
31
26
26
33
23
24
34
30
23
23
23
32
35
32
12
8
36
43
38
32
33
29
26
32
25
9
9
28
25
28
15
32
28
32
33
34
29
32
31
25
19
4
11
27
27
34
17
29
28
37
30
28
36
32
26
22
26
23
33
30
16
25
34
16
17
18
35
33
34
31
27
31
26
34
28
33
31
32
24
32
26
25
27
35
25
36
23
36
29
30
21
24
26
16
17
7
28
32
30
25
30
27
24
27
7
29
31
28
32
37
1
24
37
29
8
30
39
30
24
17
20
30
30
13
29
29
27
32
19
13
16
27
26
18
11
4
34
32
23
34
18
32
27
32
28
30
20
28
27
23
18
26
27
27
40
28
34
22
39
28
35
29
32
42
27
29
29
29
48
34
10
21
32
13
32
33
21
22
36
33
3
27
27
31
43
31
35
15
26
33
26
23
33
30
20
31
34
31
32
27
25
16
28
26
27
26
33
32
30
29
24
31
31
16
29
32
25
43
11
9
30
27
14
29
29
12
23
28
19
32
23
13
26
33
23
36
34
26
23
15
33
33
31
21
25
15
13
31
34
22
28
24
13
34
21
34
30
12
25
23
20
27
33
34
41
29
3
31
26
26
30
35
37
22
38
25
28
20
13
24
31
35
28
30
15
28
29
6
29
33
24
26
28
32
28
22
23
32
36
22
30
16
34
45
18
28
32
27
34
21
21
25
24
22
29
34
33
30
36
21
32
24
31
32
33
18
49
29
27
28
21
27
28
19
12
19
37
10
13
24
32
22
28
24
28
23
35
29
28
29
34
23
28
29
16
20
25
30
29
16
17
31
19
20
14
32
31
29
13
25
30
33
34
22
29
19
37
25
48
20
30
31
14
30
33
22
30
25
33
16
35
19
26
29
29
23
26
37
9
32
29
27
30
17
25
34
34
31
17
25
29
23
34
32
31
26
17
28
27
29
35
26
17
38
6
30
23
27
25
16
36
38
19
34
19
34
20
33
19
33
23
27
37
25
25
24
26
25
32
2
35
22
34
28
34
28
29
28
26
31
36
42
33
25
24
25
35
37
23
29
36
31
30
33
33
31
53
22
25
23
10
35
31
33
18
28
32
24
32
4
25
15
30
36
25
40
23
32
34
19
26
26
21
26
24
30
34
33
31
20
29
26
23
24
21
29
24
30
29
32
28
32
24
26
35
23
15
33
15
32
26
14
24
28
29
29
35
20
35
30
28
20
42
41
31
24
32
10
30
32
31
31
20
41
53
11
31
33
33
23
26
29
15
32
32
13
31
8
31
27
29
34
33
13
31
15
15
24
30
32
21
32
24
18
23
23
48
1
5
29
28
30
34
36
28
27
27
75
32
34
20
28
32
30
24
28
32
22
27
33
23
27
36
35
30
30
29
27
26
20
35
29
19
35
27
29
27
32
15
27
33
34
27
64
25
30
14
25
1
26
29
38
28
21
25
34
27
28
38
15
25
35
19
24
36
31
37
30
32
42
28
34
18
15
31
27
28
40
32
37
25
25
17
27
35
27
28
33
26
23
29
21
31
31
25
24
23
24
23
31
19
18
3
24
29
30
25
16
35
30
37
20
21
17
28
33
31
30
36
7
22
29
31
25
14
23
32
35
36
20
30
19
35
21
22
8
34
31
34
32
14
31
15
32
27
14
25
30
20
33
25
31
61
1
24
33
28
36
28
32
36
35
33
19
25
35
30
41
24
28
38
14
31
35
2
38
27
33
26
19
23
28
32
15
30
17
29
36
17
30
29
31
12
35
32
32
30
26
24
22
31
39
30
27
18
35
29
32
20
33
29
25
27
35
29
19
29
34
24
31
40
22
27
29
12
34
21
29
29
31
10
39
31
23
20
28
33
26
31
34
27
23
24
15
25
35
21
26
13
8
33
30
13
35
15
30
27
28
33
20
22
34
37
24
34
26
15
28
28
25
1
31
31
1
23
23
1
34
19
30
21
25
33
38
32
29
32
30
28
21
28
22
20
29
29
24
29
33
33
23
20
34
23
31
34
18
33
30
23
14
19
36
34
34
28
39
33
37
28
18
25
9
37
23
23
42
29
18
34
15
30
34
22
30
31
19
24
14
34
36
34
2
24
16
28
17
28
28
19
29
31
20
30
27
35
42
29
23
24
24
22
59
26
32
9
31
22
31
29
21
13
29
29
38
23
31
25
21
7
26
27
25
25
14
28
22
12
28
30
41
21
22
28
31
25
11
26
26
37
21
37
34
21
28
10
35
33
27
33
30
20
30
37
23
31
29
25
21
35
33
24
21
22
33
21
32
18
25
23
21
29
27
25
28
20
26
28
33
32
22
17
31
28
28
10
30
13
25
28
30
12
27
32
26
33
27
17
60
20
12
20
27
27
33
34
21
26
32
23
34
23
33
18
27
14
27
29
30
30
37
22
22
22
25
37
14
21
26
30
35
27
20
43
26
25
32
25
29
17
19
26
26
20
33
29
16
21
26
30
33
35
30
8
2
4
27
2
23
31
27
26
24
31
25
8
26
36
36
20
15
22
28
15
28
33
36
22
1
26
21
24
29
29
31
38
25
23
33
16
14
26
21
33
36
17
35
19
18
14
30
30
22
26
22
32
50
31
25
35
41
18
30
23
18
21
22
33
29
27
30
29
34
35
31
27
28
26
20
14
30
35
34
22
13
24
31
32
17
37
32
33
22
30
35
31
26
21
33
32
23
30
31
22
27
17
28
21
12
15
34
17
28
34
26
5
13
27
30
32
23
29
24
34
19
2
37
29
16
7
28
29
32
33
23
27
20
32
39
14
33
28
27
18
34
22
30
24
28
18
24
29
34
27
16
30
14
29
24
36
22
33
31
31
22
22
39
21
26
24
35
20
26
23
29
33
19
32
21
34
18
18
20
32
19
27
29
35
17
35
20
26
16
22
32
16
35
15
22
27
19
23
30
18
39
56
21
26
24
25
20
19
34
27
17
25
18
37
33
21
32
4
30
21
22
22
29
26
25
25
14
25
28
21
24
7
17
31
31
69
25
31
19
27
15
19
20
6
22
30
21
34
6
33
28
57
25
18
28
27
32
21
18
31
26
23
26
30
28
31
21
24
34
31
34
26
39
19
26
30
22
22
33
26
19
13
17
20
13
28
21
28
28
36
37
15
36
31
20
36
8
26
34
26
25
28
28
20
67
34
29
25
36
5
32
29
31
33
13
12
36
31
31
23
24
7
29
41
34
35
22
26
26
16
31
38
33
35
32
12
24
28
13
26
33
30
34
23
15
6
30
27
26
18
29
14
22
25
22
26
26
32
30
36
32
28
24
22
21
23
25
24
27
28
13
24
22
26
23
27
33
33
25
22
27
10
21
33
31
35
22
20
25
1
24
26
19
3
23
25
28
30
9
33
29
29
30
27
25
23
21
25
14
22
28
11
32
28
31
18
27
19
21
7
9
13
18
11
32
35
22
27
24
34
23
30
26
28
19
30
25
13
33
49
24
18
20
19
34
34
4
28
34
30
25
19
28
25
27
32
29
25
19
29
26
21
6
24
31
28
10
19
1
23
21
29
12
29
33
37
22
33
34
1
24
28
28
31
31
18
29
33
14
28
35
33
36
32
31
30
26
27
33
16
7
22
14
31
24
43
25
27
19
29
32
25
29
25
5
17
34
28
30
25
2
28
34
26
32
23
18
33
33
29
25
27
23
26
18
23
24
28
25
17
24
28
17
33
18
23
19
32
34
17
7
24
32
19
38
19
21
33
15
31
25
26
32
6
20
28
20
29
27
22
22
31
29
21
26
28
26
25
33
21
26
29
27
26
30
31
12
21
21
34
28
31
21
33
29
33
26
31
27
24
24
30
33
30
32
26
17
25
31
5
20
24
23
28
10
35
28
14
15
30
27
21
24
13
25
28
33
22
15
39
14
27
28
16
29
27
13
5
28
30
19
37
34
17
27
12
2
28
13
30
16
21
33
18
14
21
26
35
26
20
32
27
16
26
26
25
22
23
29
27
36
36
28
32
25
34
32
17
25
28
38
23
17
23
19
34
12
34
20
9
21
23
20
31
25
25
27
29
27
22
13
12
30
26
24
7
34
25
32
8
13
29
33
26
22
25
27
20
24
30
30
20
53
28
38
20
18
30
23
20
28
20
24
24
39
25
26
19
18
34
21
30
33
13
25
26
22
11
19
29
12
35
24
22
35
15
22
24
33
9
31
14
1
22
7
35
16
26
19
2
37
19
25
29
29
33
28
31
20
29
27
31
28
18
27
16
30
24
21
34
2
29
26
14
25
35
33
20
15
26
25
29
37
17
31
35
34
21
31
25
23
30
25
23
27
30
23
26
20
27
36
22
23
31
14
36
30
31
29
30
19
35
11
17
35
29
21
23
24
17
20
30
33
4
19
25
33
22
31
25
31
22
33
11
6
19
16
35
21
28
18
35
29
33
19
32
31
30
13
28
25
36
1
33
24
33
37
31
15
31
27
27
9
32
23
34
28
32
14
51
26
34
18
34
24
27
17
26
28
23
30
34
10
24
24
35
27
1
26
30
27
24
31
25
22
16
16
27
19
14
17
15
36
24
21
18
24
7
9
25
23
21
31
28
25
37
24
39
29
4
30
26
33
28
21
29
26
15
1
23
37
8
9
25
24
18
30
23
23
19
20
30
29
20
33
20
18
34
10
33
16
29
32
25
28
8
30
34
4
27
24
22
31
30
19
6
10
36
12
27
21
11
34
25
16
22
29
21
16
28
36
22
27
30
3
32
30
17
7
20
22
39
32
26
6
7
35
26
25
18
31
9
27
29
32
13
28
27
19
23
35
24
36
11
32
11
27
22
30
20
29
25
25
14
31
29
31
25
1
26
8
26
24
38
25
26
21
7
24
24
27
30
25
22
29
11
2
35
24
23
14
14
34
23
2
33
19
27
26
31
36
27
18
11
34
39
30
23
17
12
34
29
31
27
22
22
5
24
39
30
22
24
9
27
26
21
27
21
21
17
26
24
34
1
47
31
1
31
15
22
7
17
6
28
9
25
28
22
18
25
17
42
37
6
35
23
29
4
23
21
28
20
28
29
32
28
33
18
35
18
22
20
15
30
15
26
22
38
1
24
25
35
32
20
30
10
32
10
14
26
25
21
19
35
33
23
26
36
22
27
28
20
30
17
11
20
31
1
4
33
37
16
25
1
25
22
15
22
32
17
19
23
15
25
14
23
26
18
23
24
8
15
27
27
18
25
20
25
17
23
26
26
13
32
17
29
29
14
25
21
31
13
30
21
35
34
21
31
26
19
29
7
29
18
25
17
21
29
36
17
26
28
24
25
1
27
26
31
37
25
36
30
28
30
28
10
31
21
29
6
23
29
16
20
23
23
33
32
25
21
31
26
36
18
14
9
21
24
22
25
23
26
25
22
35
28
24
31
32
23
31
22
29
10
17
29
29
12
12
32
28
22
14
25
36
29
23
27
19
29
21
15
27
11
19
23
27
28
23
26
29
31
21
32
24
3
26
17
5
15
29
29
24
30
32
28
25
28
34
20
29
12
33
10
29
15
18
22
33
30
16
25
33
23
21
14
28
22
33
18
33
27
25
17
26
23
28
27
43
32
29
24
12
20
21
18
29
20
19
32
26
24
28
29
21
24
28
25
31
21
24
25
31
18
28
24
21
18
2
24
26
28
20
37
24
16
18
27
23
28
21
6
22
33
29
36
23
26
21
6
22
16
11
25
28
21
14
29
11
14
31
25
17
28
8
29
33
23
13
17
1
23
11
35
25
28
22
23
13
25
29
14
22
28
9
35
22
23
31
24
15
24
15
21
33
32
21
32
26
21
37
27
23
30
24
26
27
38
34
23
20
12
24
30
14
33
30
14
10
24
27
28
20
6
23
26
18
25
22
29
17
25
21
16
36
25
36
24
3
19
36
23
15
31
34
31
26
26
20
3
35
28
26
20
25
30
28
51
22
17
16
32
16
32
19
24
31
28
28
30
28
3
28
31
27
23
29
16
19
22
19
28
19
28
21
25
25
14
30
24
16
28
13
19
26
28
6
32
16
34
30
23
23
36
15
28
5
20
29
31
31
20
26
35
19
26
24
24
22
26
24
21
9
16
26
16
39
26
27
27
21
31
33
19
28
24
26
25
13
31
24
2
33
27
46
20
30
31
27
13
15
24
21
20
26
8
32
32
25
27
21
21
30
7
25
32
17
27
10
17
39
23
13
25
16
22
24
26
29
23
12
30
24
36
19
32
18
16
22
12
11
24
36
15
29
25
25
30
34
26
34
23
14
22
34
24
21
20
19
21
19
12
38
23
35
26
26
16
27
27
7
24
24
17
20
21
22
15
6
35
70
29
28
1
3
17
36
25
28
25
19
19
27
15
12
22
21
29
31
28
33
7
24
27
17
29
17
29
29
23
17
26
25
18
22
27
25
24
30
8
23
28
30
26
25
26
26
18
21
23
1
24
27
7
23
29
23
28
22
26
32
61
31
31
22
29
30
27
16
16
1
24
33
31
29
26
31
3
27
17
30
30
27
16
20
24
31
27
4
29
14
32
16
29
25
27
21
23
31
26
15
26
32
26
4
28
20
25
22
28
17
12
25
21
17
28
28
19
1
2
34
29
16
38
15
24
36
20
21
30
1
28
38
27
28
17
18
28
29
27
24
24
9
29
38
28
31
28
30
27
8
7
20
32
20
18
25
10
2
27
16
12
19
25
28
29
28
30
9
33
26
7
15
31
31
5
33
30
24
21
1
26
15
17
19
20
26
12
1
31
25
28
35
11
23
20
22
30
29
31
26
15
11
26
32
6
22
19
18
25
28
18
14
2
21
29
24
18
30
21
22
16
27
16
28
31
18
30
30
14
8
27
15
20
20
14
32
30
14
25
33
9
22
26
17
20
11
29
33
12
18
23
13
18
6
17
24
5
22
23
17
30
39
28
29
20
12
33
24
29
34
34
26
26
11
26
10
30
25
29
26
6
31
22
34
29
25
19
15
28
24
24
25
10
24
37
25
27
20
29
17
27
14
30
36
29
26
25
21
16
22
16
20
16
29
29
38
16
25
24
28
25
23
28
32
27
9
26
28
20
16
27
30
22
31
21
11
33
26
36
25
22
26
25
13
19
25
34
11
12
29
20
21
27
36
26
18
22
24
17
16
33
17
23
22
11
20
30
31
27
19
33
16
29
17
19
17
22
25
27
18
33
31
30
26
5
36
30
28
30
23
15
26
22
28
25
25
34
26
15
28
17
33
31
29
24
21
24
27
13
24
19
29
24
33
23
32
17
17
22
27
30
26
31
30
20
27
13
18
22
19
23
29
27
23
20
20
6
23
21
27
10
22
29
25
6
23
10
33
10
24
19
27
17
30
39
37
1
27
25
29
19
31
16
20
28
26
6
25
23
23
26
8
31
19
30
29
34
28
6
27
10
24
25
16
16
11
3
33
18
15
26
14
22
27
9
33
27
27
35
31
13
22
28
29
29
14
27
27
12
14
37
32
29
21
16
30
17
29
28
26
25
19
33
17
24
16
29
28
29
34
27
34
23
30
28
13
22
31
28
32
28
26
13
24
12
18
26
31
33
19
26
29
3
31
22
14
25
17
28
23
24
21
9
21
28
27
36
40
3
33
29
30
9
31
19
8
22
6
31
32
34
13
26
23
22
17
24
25
15
26
19
32
30
18
28
11
28
18
27
13
15
26
11
34
27
30
28
23
15
30
27
18
23
16
26
17
7
17
4
29
17
24
13
32
30
9
10
31
26
22
20
17
8
29
32
24
14
33
26
21
17
29
27
28
30
16
29
24
27
10
12
28
30
28
6
21
27
30
4
25
10
1
22
27
15
13
5
17
22
31
37
28
16
22
23
26
10
22
15
19
26
28
29
31
28
27
27
21
20
11
18
20
18
13
27
28
27
14
23
26
20
18
25
30
25
11
31
26
34
18
16
24
27
8
15
12
22
18
21
25
4
20
24
28
27
23
18
27
28
10
16
26
2
1
25
26
19
7
28
20
25
5
3
20
30
11
32
15
11
32
11
21
20
35
7
26
24
29
27
18
17
8
29
30
11
31
13
31
23
21
32
22
26
8
28
13
17
31
19
20
22
11
27
28
21
25
23
21
32
28
30
21
30
24
10
11
16
21
15
1
29
28
25
30
21
31
29
25
21
15
22
5
19
30
30
18
25
32
30
13
19
20
26
16
12
24
17
31
26
27
26
11
32
14
26
23
22
19
28
25
23
19
21
16
16
3
10
27
7
33
33
19
5
31
11
23
27
30
32
25
1
25
23
25
12
28
17
27
17
28
27
27
1
14
29
32
36
31
8
10
12
22
32
18
6
22
25
14
20
17
16
24
26
26
23
8
10
1
21
29
13
5
15
4
32
24
18
31
7
31
17
23
20
32
29
27
27
12
31
31
20
29
31
27
22
31
31
30
30
30
12
19
28
30
31
33
20
4
28
33
23
11
8
14
22
11
13
36
33
23
1
18
19
27
23
22
22
20
9
22
30
23
12
29
7
13
18
37
31
26
26
28
4
18
26
17
23
27
16
16
32
26
7
23
28
19
29
18
28
24
28
28
22
22
24
21
34
20
22
24
22
41
26
24
33
31
27
22
18
15
6
23
36
9
29
28
22
13
26
28
11
32
33
29
25
35
23
27
22
14
37
10
17
27
13
21
21
30
29
24
16
13
25
32
15
3
15
27
19
21
18
28
17
30
32
29
22
33
30
20
25
6
25
36
23
29
24
19
29
22
24
19
8
24
30
26
25
31
26
11
17
32
17
34
28
15
25
25
31
30
19
27
30
13
25
24
32
26
28
22
28
27
36
16
27
21
30
18
10
6
29
12
24
16
25
27
30
12
10
29
25
20
19
17
31
29
8
29
18
11
20
17
15
12
16
17
22
23
26
7
10
24
33
30
19
19
19
10
23
32
32
13
12
14
16
26
25
10
12
21
25
25
27
23
12
20
22
22
19
30
18
28
4
37
12
18
12
20
28
31
16
28
23
26
16
33
5
24
25
20
31
27
24
7
24
22
29
24
24
29
20
16
19
26
27
28
17
19
25
31
16
19
15
25
13
19
7
17
24
15
13
28
8
21
21
31
18
19
23
15
33
23
22
18
32
12
23
25
19
16
29
9
27
9
12
31
21
18
22
22
25
28
25
31
9
26
29
19
21
24
14
16
18
16
26
27
4
21
25
26
25
19
17
19
16
19
26
26
10
12
5
30
26
30
25
14
28
28
12
4
23
24
22
16
25
8
14
24
37
16
24
29
25
20
29
27
25
6
29
22
21
9
23
10
20
19
20
7
45
27
33
32
29
20
12
27
18
28
11
11
19
18
13
16
22
22
19
22
32
27
32
27
30
22
29
17
17
24
37
11
22
19
14
27
18
21
21
26
8
19
30
13
14
32
25
31
25
23
19
28
16
15
21
14
5
8
22
23
20
7
26
13
15
23
25
22
17
34
31
20
26
10
19
9
23
19
6
28
11
17
17
8
8
24
29
29
24
34
28
27
8
21
32
13
20
18
18
25
21
1
26
26
15
26
30
27
23
28
32
18
23
21
32
23
27
16
22
15
34
22
25
10
19
15
20
28
21
6
18
13
28
18
14
6
19
14
29
17
12
20
17
12
5
33
25
16
27
34
21
14
33
7
32
21
23
12
16
21
9
14
25
24
22
28
10
3
23
10
18
11
25
18
11
14
27
24
39
22
31
28
36
28
12
22
20
28
25
23
23
29
13
25
32
23
17
21
29
9
6
47
13
27
6
12
25
22
27
23
14
21
32
23
9
14
21
16
30
14
20
21
7
25
34
9
14
19
14
28
20
28
22
21
22
24
28
4
21
12
25
28
35
22
19
10
27
32
22
12
25
14
34
22
27
13
33
15
33
14
26
15
18
24
27
32
11
17
30
27
7
33
25
27
25
19
14
23
16
26
3
15
22
18
10
33
29
28
22
17
36
16
20
25
29
18
21
21
16
20
25
2
4
25
22
6
6
32
30
15
21
26
20
10
31
21
22
30
20
14
29
30
19
21
6
2
32
23
20
3
20
21
3
26
17
8
22
13
23
11
23
17
27
14
22
22
13
23
21
7
3
33
27
24
31
29
29
25
19
24
21
26
27
23
19
25
15
22
21
21
10
22
22
13
16
11
29
20
23
27
17
8
19
22
12
17
22
18
18
1
23
28
23
21
23
11
27
22
30
36
7
13
15
15
23
25
8
22
32
19
32
19
17
14
17
7
4
14
21
18
10
21
26
14
23
22
24
11
16
22
30
15
7
14
13
28
11
4
36
9
18
24
3
17
22
21
18
14
15
27
14
15
24
19
11
20
23
26
4
29
36
30
3
7
9
28
28
28
19
11
16
12
33
16
21
20
26
17
13
25
17
21
18
25
9
12
27
19
16
13
25
32
8
21
16
16
21
3
32
20
20
2
22
19
6
3
30
29
22
33
16
22
22
38
18
24
16
25
30
30
11
18
13
7
14
31
22
1
22
23
20
30
19
32
19
18
24
23
16
12
6
16
16
14
3
30
4
17
24
21
28
26
28
23
11
29
26
26
19
20
25
26
4
3
4
10
24
32
28
32
16
32
28
9
24
30
23
16
2
23
33
12
18
23
28
7
5
19
23
27
25
11
20
2
50
33
24
14
13
30
27
21
17
26
14
21
30
17
7
11
21
19
25
27
33
25
20
27
19
22
15
28
19
9
25
24
18
25
22
16
9
29
14
22
13
33
20
31
16
25
16
29
5
21
17
28
19
27
30
32
4
9
6
32
23
16
19
31
24
14
15
24
24
14
26
36
11
11
21
28
31
19
29
24
19
27
23
18
24
30
10
22
26
11
20
22
4
27
23
21
29
30
16
28
12
31
15
29
4
27
29
17
29
16
15
22
32
20
19
31
9
19
29
27
22
14
17
26
32
28
1
32
30
13
4
27
28
31
21
31
18
18
2
33
12
20
22
17
2
10
12
13
9
32
17
18
13
16
22
35
16
25
21
12
27
17
20
23
11
25
4
4
15
26
34
19
15
28
16
7
9
19
13
31
8
26
12
21
21
26
17
27
22
19
21
21
26
11
19
11
14
7
20
27
5
15
18
16
14
25
35
11
21
30
13
24
11
27
24
18
14
8
9
26
28
29
22
8
22
11
30
27
29
10
32
24
19
23
25
19
20
15
17
19
13
27
8
25
28
20
14
27
21
26
22
18
15
17
21
7
24
18
17
24
24
20
3
28
22
19
13
19
8
25
28
4
17
8
32
16
26
9
19
25
14
28
24
19
10
24
36
15
12
2
19
7
27
27
19
2
36
17
13
19
13
11
26
23
9
21
22
5
39
20
24
25
12
21
2
20
16
8
33
22
11
19
4
25
19
24
19
27
13
29
29
35
21
12
16
12
25
21
12
24
16
22
29
35
38
35
24
37
6
14
17
26
29
32
30
2
22
5
27
16
29
20
14
12
29
35
31
17
17
13
23
28
5
16
26
27
12
27
9
16
29
22
25
3
20
22
9
18
15
7
6
14
18
17
22
24
14
20
20
17
17
6
25
24
10
20
19
13
19
18
27
9
16
11
22
12
25
18
19
29
16
30
9
11
33
14
23
24
35
18
31
11
16
28
12
10
13
20
21
26
25
14
14
25
20
13
25
17
22
27
25
21
22
21
13
25
31
17
21
1
5
11
34
10
18
16
13
19
18
21
12
4
24
29
30
22
28
22
31
25
30
35
26
24
25
28
30
13
27
21
30
23
26
12
26
29
9
17
1
8
31
18
17
16
20
17
16
30
22
14
24
29
10
26
12
20
27
20
7
31
13
22
3
26
9
23
28
29
5
20
26
18
6
20
1
23
27
22
15
15
27
19
24
30
28
26
36
7
7
6
3
18
28
23
29
6
27
17
25
25
33
19
20
16
21
6
25
18
18
9
27
25
1
19
31
29
27
14
26
13
23
13
20
21
20
18
28
23
14
28
22
23
14
27
36
15
6
8
17
16
19
21
32
13
29
15
21
16
8
23
31
16
20
25
27
16
12
31
11
23
24
27
13
12
1
24
26
20
31
21
12
18
22
36
7
24
34
13
16
15
25
31
23
22
18
1
13
9
15
24
3
25
19
12
22
16
21
11
20
17
26
15
19
8
24
19
26
15
23
29
11
9
26
36
27
29
11
13
24
16
17
26
22
18
28
24
27
14
17
14
11
21
21
27
14
24
16
21
15
21
25
23
4
24
16
24
31
20
18
27
16
13
13
7
7
10
13
18
16
24
25
18
12
3
23
1
33
25
20
29
12
33
34
14
25
14
20
28
19
6
26
2
20
31
9
17
1
11
17
10
13
19
32
30
19
6
27
18
19
14
3
14
31
10
19
14
10
9
24
25
19
13
27
19
10
18
7
8
22
13
4
1
23
20
28
17
20
24
11
27
17
4
23
3
11
19
23
23
27
19
10
17
9
9
31
26
18
30
15
3
28
1
15
15
32
24
23
17
13
30
22
15
15
20
17
12
8
8
26
4
1
27
19
24
9
2
2
33
6
19
28
14
12
24
5
12
20
20
24
27
6
29
14
28
4
15
10
13
17
24
25
11
9
26
37
11
13
27
20
13
13
1
7
16
15
3
10
24
16
30
1
10
19
21
7
8
20
19
2
3
15
20
6
33
32
6
10
34
6
1
3
21
15
12
13
27
34
6
31
20
10
26
29
7
9
23
25
3
21
16
10
22
24
7
37
21
7
24
15
19
23
26
5
18
2
23
17
13
3
18
14
21
10
13
21
23
25
30
26
2
25
28
22
3
8
12
6
25
28
15
2
6
31
15
25
21
27
19
19
28
18
8
24
5
13
14
19
3
12
15
24
5
14
13
9
29
24
10
28
13
23
4
12
26
25
20
18
11
5
20
11
6
23
19
25
37
26
29
25
15
16
13
13
4
15
15
26
8
14
29
15
11
15
16
24
25
28
12
17
22
22
15
27
30
26
21
9
12
16
3
29
17
16
2
21
11
12
20
13
21
25
17
11
21
22
29
21
23
13
15
17
9
14
14
12
28
16
14
22
12
28
34
35
26
23
18
14
11
25
13
27
1
25
9
15
26
18
27
20
23
22
18
23
22
11
11
27
15
3
22
21
20
8
25
29
27
8
22
26
20
27
10
15
7
18
28
1
22
16
27
31
29
12
21
27
23
22
20
28
29
14
22
19
3
19
27
34
23
34
26
7
10
24
8
23
6
16
15
8
16
26
30
6
31
22
18
24
19
6
22
22
16
18
10
15
23
26
15
10
30
21
9
17
15
20
19
19
16
11
28
8
18
14
21
10
23
1
4
13
17
17
22
28
18
24
19
11
19
16
31
14
25
25
21
3
11
19
28
27
21
11
13
1
13
19
16
15
20
14
21
18
17
22
1
22
21
25
25
27
19
20
10
27
3
3
19
21
18
19
29
25
10
18
22
16
24
6
16
1
15
13
9
3
29
20
26
30
15
23
14
5
14
23
15
24
20
13
14
19
10
24
30
22
15
14
31
9
18
19
3
27
16
33
11
15
24
8
25
3
5
3
26
22
12
28
22
18
11
7
22
2
22
21
24
12
24
16
16
26
19
7
12
22
10
7
14
25
10
12
19
32
23
23
25
13
10
13
15
15
11
2
8
30
28
2
6
29
21
24
22
15
22
27
23
23
32
20
9
20
14
19
27
17
5
29
13
18
24
8
23
18
11
20
9
8
5
22
10
8
17
7
8
16
1
24
30
1
10
25
3
12
35
9
27
25
20
1
7
23
3
14
22
12
21
18
15
10
22
27
29
24
13
26
1
31
20
30
30
12
4
21
16
24
25
11
22
15
3
15
39
27
9
15
10
12
29
18
29
12
14
12
31
14
23
27
25
27
18
3
22
25
28
14
13
19
28
19
16
28
11
16
27
28
27
14
18
2
15
12
25
12
6
10
15
17
23
22
20
27
2
22
17
25
20
17
16
1
22
16
20
17
17
25
14
24
15
30
14
30
22
20
14
10
18
11
24
21
14
15
9
36
26
1
13
20
27
17
19
26
1
14
5
20
20
18
24
24
18
13
18
2
5
1
16
16
9
21
12
40
20
18
25
24
30
7
3
27
22
29
22
12
24
19
28
18
17
9
25
10
13
25
11
26
17
9
24
21
33
18
24
27
15
3
25
10
34
10
3
16
24
15
4
15
13
21
18
8
22
22
30
20
1
11
27
13
24
12
31
18
16
26
12
19
14
8
6
16
25
6
8
19
13
8
11
17
29
22
12
22
16
10
30
4
28
14
23
13
16
20
18
22
27
26
8
7
19
24
15
27
30
20
5
23
18
7
26
11
23
26
11
12
14
4
11
19
10
16
32
23
21
17
9
35
29
26
29
24
14
29
29
15
9
19
10
22
9
24
19
20
14
24
27
13
21
15
4
20
20
2
10
12
17
26
21
14
9
11
9
26
14
22
15
24
20
21
6
11
21
5
11
3
20
25
13
2
21
8
20
10
9
28
17
28
23
28
29
15
25
30
7
13
20
15
20
22
20
7
20
23
9
13
21
20
19
23
11
19
15
17
13
13
20
15
27
22
15
23
16
23
10
3
11
14
24
24
28
5
20
22
11
18
26
29
12
20
11
6
16
23
24
8
10
1
15
4
28
24
22
26
10
11
34
23
12
9
12
25
19
26
8
21
23
23
25
30
14
23
7
11
32
1
6
17
31
2
14
13
28
28
28
16
17
6
6
18
16
25
24
28
8
8
11
25
27
23
23
18
16
3
18
24
4
12
25
18
16
10
16
21
17
31
6
22
2
14
17
23
24
20
15
12
27
31
21
16
10
12
3
11
19
8
28
7
28
2
7
15
22
6
9
17
10
18
14
27
16
18
20
21
30
23
3
18
4
19
28
26
34
25
10
19
30
12
13
1
27
29
16
22
31
16
32
22
12
2
25
14
14
21
26
15
16
22
11
17
21
11
12
9
22
8
20
19
20
13
48
13
13
15
29
7
22
16
14
28
10
14
21
23
20
13
14
14
18
22
16
10
26
25
31
12
17
28
27
16
27
25
15
31
23
24
5
19
14
9
23
28
24
14
28
20
3
31
9
26
17
21
10
30
8
31
27
27
14
28
1
29
28
22
36
29
19
22
14
16
12
1
28
30
19
19
9
17
6
16
21
27
10
10
23
18
31
27
28
13
2
6
33
8
11
20
29
14
10
17
22
16
22
25
22
6
26
17
16
11
14
16
39
6
7
6
15
16
19
21
10
10
28
21
19
10
25
14
36
18
18
10
10
17
26
29
34
17
12
11
18
14
25
14
28
17
18
19
16
20
10
16
19
14
24
20
14
9
15
11
19
23
26
13
8
15
4
21
1
11
10
19
21
16
9
18
11
8
22
21
23
12
9
25
16
16
14
7
21
15
27
1
4
34
24
22
17
9
17
13
11
5
32
19
31
19
12
22
28
19
20
10
26
19
7
14
11
17
20
15
23
14
19
23
1
19
25
18
21
15
9
31
3
20
22
18
27
17
18
21
28
21
21
3
11
13
36
5
21
18
15
13
19
23
18
30
10
12
1
3
23
22
17
4
7
22
23
8
5
10
18
22
18
25
15
22
17
24
17
14
19
19
13
29
6
12
24
24
32
9
15
1
21
22
21
20
10
18
3
12
17
22
21
16
8
27
14
13
20
20
10
29
22
5
4
11
27
6
7
18
11
15
20
20
11
23
6
19
4
19
23
14
15
18
24
23
10
24
11
20
14
18
1
2
4
22
22
11
18
11
11
9
21
10
8
23
21
13
14
18
17
17
9
13
16
17
20
6
22
11
21
20
13
3
29
5
12
23
26
15
5
28
23
28
5
28
14
21
20
7
25
4
13
17
14
25
25
27
18
20
23
25
12
21
11
22
24
21
18
1
22
25
16
22
20
21
30
24
21
6
26
9
21
11
24
22
16
28
16
7
25
14
6
14
21
9
29
23
23
13
18
13
24
16
21
1
9
12
17
8
4
32
22
23
21
20
15
25
18
10
12
15
20
5
27
6
20
17
7
6
24
29
13
27
12
23
3
28
13
7
11
11
17
24
14
7
19
29
19
28
13
7
11
25
8
29
16
13
10
3
21
31
11
7
19
26
18
11
19
10
8
16
16
20
29
10
23
21
17
6
15
23
3
23
14
11
13
25
20
23
19
10
9
26
19
19
10
17
18
20
15
11
13
3
22
24
21
2
13
20
14
17
23
12
24
16
21
5
10
16
5
12
16
12
11
10
9
7
7
22
28
30
25
19
22
23
9
12
20
5
17
16
26
15
26
21
2
15
16
25
5
34
26
9
27
13
30
11
21
8
14
3
24
14
20
3
9
8
8
4
12
26
25
18
24
29
9
11
18
16
22
16
19
20
11
30
11
13
11
9
8
15
10
2
26
9
25
22
23
23
1
32
27
18
19
22
12
11
5
22
28
26
11
17
22
27
19
16
10
5
11
21
16
12
11
4
16
9
16
18
23
19
23
11
9
15
25
18
11
1
6
10
18
8
26
2
7
8
21
22
4
32
10
11
36
21
15
9
18
17
6
4
15
18
7
2
15
16
15
9
21
22
2
11
15
15
5
7
12
12
20
17
17
20
14
16
4
10
3
10
17
26
20
16
2
10
1
7
13
7
4
14
18
1
7
14
11
14
28
13
28
11
15
4
5
9
23
9
7
19
24
21
22
16
8
7
20
11
11
20
23
16
21
10
16
22
8
6
15
10
8
10
29
26
11
4
5
4
23
23
17
7
30
20
17
22
9
12
22
23
24
18
8
9
27
5
6
21
8
23
7
12
1
13
10
26
12
11
15
8
15
25
6
12
15
9
7
26
29
17
25
2
10
19
14
11
13
7
18
25
29
18
25
12
1
26
2
14
6
33
20
23
16
10
13
19
30
11
18
15
25
3
22
16
13
12
7
25
24
16
18
9
15
13
20
13
28
12
22
21
5
7
25
15
4
13
11
10
15
25
6
5
1
19
14
17
22
1
28
23
25
10
21
25
18
16
21
13
15
22
14
11
17
12
9
19
9
20
12
27
14
19
27
16
20
18
19
14
18
11
5
20
13
38
26
13
22
13
15
25
27
13
5
23
22
7
26
1
3
24
14
23
20
2
19
10
2
26
24
9
7
11
23
14
17
19
13
7
3
12
23
16
5
18
16
27
9
10
18
15
11
14
4
25
11
18
11
8
7
5
17
9
30
3
9
16
24
8
13
15
24
6
4
17
13
7
14
14
13
6
22
14
12
6
32
7
21
9
16
24
16
19
16
24
16
26
26
18
10
9
19
11
18
13
15
29
6
20
26
24
12
17
12
16
21
10
16
2
24
17
14
26
23
6
20
15
9
9
20
11
11
20
4
18
29
12
9
14
15
28
25
21
14
15
15
14
8
24
24
12
14
17
31
16
18
21
19
7
17
17
7
9
20
1
3
16
15
9
21
32
20
16
30
20
20
24
6
8
11
13
26
7
7
5
4
19
7
6
5
15
2
24
19
14
3
15
5
15
14
12
15
13
16
15
19
4
15
9
19
4
7
18
17
31
23
5
9
16
29
5
15
23
8
17
17
22
23
14
15
22
20
27
19
13
14
9
15
16
23
7
22
8
24
11
6
22
19
15
10
16
16
15
7
6
9
17
16
10
4
8
19
5
17
23
10
6
4
6
2
10
13
17
34
9
6
15
18
11
6
33
13
7
10
15
20
11
19
15
2
9
18
17
21
18
27
15
3
17
17
7
10
8
1
13
12
19
8
20
28
20
20
14
13
9
15
15
26
3
10
35
15
4
15
1
23
11
8
5
14
20
15
9
6
1
27
7
6
20
14
14
18
4
1
25
4
2
19
11
1
14
25
21
12
18
10
3
13
16
17
3
6
20
8
21
12
28
4
22
2
2
9
8
23
8
1
8
23
28
9
1
14
13
20
35
16
16
7
28
10
19
15
9
4
11
15
22
20
23
25
15
12
24
20
16
10
22
7
21
15
1
4
18
1
16
16
8
1
5
18
13
18
6
18
18
16
7
2
27
24
5
10
17
21
12
1
16
2
26
2
18
25
22
13
11
9
1
22
19
20
18
14
2
4
6
7
15
13
13
17
9
14
23
20
15
1
24
10
11
23
18
11
2
7
19
1
15
16
2
16
4
21
2
12
2
14
16
10
23
22
15
15
21
37
27
5
9
13
17
20
6
20
6
1
9
13
21
24
5
11
10
2
5
22
16
3
21
29
8
12
3
21
16
15
24
15
17
32
5
7
13
20
25
5
15
16
16
22
15
3
2
5
1
15
7
10
24
6
15
20
14
3
8
16
22
21
19
16
24
16
7
7
11
18
11
25
24
16
22
13
23
27
28
4
2
12
3
24
1
8
22
35
20
16
13
13
22
39
18
18
10
5
7
14
7
3
7
31
16
11
5
25
18
10
13
10
22
3
22
12
13
14
20
19
24
14
21
11
17
13
16
14
8
18
4
21
15
10
9
23
1
20
4
4
8
4
16
7
21
17
17
19
19
18
8
24
19
15
16
18
18
9
9
14
11
14
19
32
9
13
24
2
11
4
17
5
19
17
21
6
24
1
19
24
7
1
21
6
23
9
21
19
9
24
9
23
27
13
20
2
7
10
16
11
17
16
16
17
28
19
15
17
23
21
28
24
19
25
3
9
7
28
5
19
7
4
12
7
11
24
10
11
6
7
13
21
19
1
13
9
24
28
5
13
9
1
11
4
9
26
21
12
27
21
6
18
10
15
6
3
13
5
26
20
8
31
2
12
22
7
23
1
12
25
11
18
22
1
22
23
21
3
14
3
14
7
17
27
13
10
32
6
10
22
3
3
8
14
15
4
15
2
18
21
7
7
15
14
15
15
8
24
14
12
4
11
11
15
15
6
17
6
12
12
9
6
23
18
22
4
17
23
5
10
12
18
21
7
8
17
15
1
25
4
1
16
11
5
25
7
7
23
8
20
27
16
20
19
12
6
17
5
15
4
12
30
9
15
26
17
19
15
22
16
8
19
12
9
21
10
23
14
9
12
10
7
15
20
4
7
1
16
5
3
7
7
13
8
8
15
3
22
9
12
14
4
4
13
11
24
6
14
15
21
7
3
4
2
17
10
11
9
25
8
13
4
15
28
26
2
3
16
19
8
24
17
8
13
2
12
20
9
2
13
2
2
16
16
8
25
12
13
21
6
8
21
6
8
16
11
21
17
22
8
5
17
6
11
8
19
6
16
5
19
10
18
3
15
1
2
19
6
24
3
15
26
14
2
5
18
18
3
3
2
21
9
17
18
5
6
3
15
26
24
18
12
2
14
4
18
1
31
2
11
4
1
13
22
12
7
15
17
10
13
24
6
19
2
2
4
17
10
9
11
9
1
23
2
1
12
16
1
4
26
1
26
25
18
2
12
14
16
16
17
2
23
17
9
16
24
1
9
15
13
17
7
7
16
22
13
15
10
10
21
22
6
7
5
11
18
18
8
16
3
6
22
2
4
5
12
6
19
11
21
17
11
10
2
23
6
19
16
8
4
4
9
7
25
5
5
15
6
13
12
28
17
24
11
14
5
29
3
4
2
10
17
13
18
17
3
6
19
3
18
2
22
15
1
11
8
7
13
27
10
18
12
16
7
12
22
7
26
10
22
1
5
8
4
22
3
10
19
13
2
10
29
25
11
19
9
5
1
28
16
16
3
26
15
17
4
30
20
21
2
29
5
4
13
4
4
16
13
6
17
16
9
7
3
2
3
18
5
18
8
7
16
18
19
15
5
4
1
22
6
1
10
8
16
13
11
9
11
2
26
14
14
3
10
19
18
15
7
10
11
9
10
10
13
9
6
3
2
14
10
18
6
9
2
24
5
6
10
22
15
7
6
23
10
11
23
3
4
26
16
6
11
15
13
12
4
12
10
13
10
2
5
15
22
21
12
29
35
25
15
21
8
1
18
22
3
1
4
30
27
14
10
19
10
11
2
6
9
15
3
22
9
25
1
7
1
16
17
19
11
3
13
18
16
10
24
13
1
10
10
8
24
20
9
18
21
10
13
27
1
15
18
23
24
15
7
6
26
19
17
7
4
10
1
18
1
1
16
23
22
27
26
19
2
24
17
11
19
2
22
4
1
26
8
18
6
7
5
11
22
15
10
21
8
16
9
3
12
9
13
22
2
14
7
24
6
9
9
8
2
11
13
6
9
20
12
7
14
12
18
6
11
20
7
1
13
5
21
11
5
14
21
3
17
7
1
12
2
3
6
12
19
19
3
5
20
17
12
3
21
27
4
4
19
11
8
16
8
5
13
23
18
4
10
2
5
23
20
19
4
13
22
19
4
16
5
8
21
19
24
24
8
5
20
8
30
7
21
13
13
4
5
12
17
6
13
5
5
2
5
27
7
13
6
12
1
16
16
22
7
6
13
13
6
17
5
23
21
10
20
14
22
16
10
23
8
1
18
6
28
12
5
17
26
7
10
15
12
6
5
5
9
10
22
4
6
17
13
16
14
11
1
9
27
15
19
10
8
11
9
23
1
7
21
12
10
31
21
10
10
7
14
6
18
16
2
9
13
4
23
15
3
20
18
4
7
21
7
14
11
7
9
22
1
11
7
1
16
6
27
13
13
16
6
20
10
12
13
16
3
14
16
13
8
12
19
19
8
4
15
7
7
19
15
12
6
4
4
1
7
10
14
5
10
1
1
5
1
7
14
11
5
22
3
2
6
8
16
4
17
12
23
21
11
1
4
7
2
24
12
18
9
1
7
13
19
9
12
9
19
2
17
22
4
4
16
6
15
13
8
12
3
16
7
6
8
12
5
21
21
7
5
28
1
6
10
6
5
2
23
9
20
5
17
13
9
4
17
26
29
27
14
17
10
20
6
20
16
7
7
3
13
7
6
25
16
4
11
10
2
8
20
7
3
8
24
22
22
9
25
16
1
7
12
8
10
4
2
5
1
26
9
11
17
3
12
21
3
1
18
6
5
12
11
9
11
3
9
1
5
10
25
9
5
8
2
2
22
17
11
6
8
14
9
7
6
13
7
14
9
11
5
8
3
7
11
30
5
14
23
17
1
11
1
8
11
14
7
7
4
4
3
17
28
8
3
15
13
12
3
6
7
24
12
3
21
9
18
13
5
1
16
8
1
13
10
18
4
5
1
8
9
6
7
21
8
14
13
8
25
1
14
22
11
3
14
10
18
14
24
7
15
1
20
15
9
9
5
8
2
7
7
6
11
7
10
22
4
2
3
29
3
12
30
8
3
15
6
16
18
5
2
13
6
10
9
13
3
12
10
12
11
6
1
19
10
18
5
1
5
1
19
11
12
10
9
15
8
2
3
4
3
24
12
8
15
6
12
4
3
30
16
10
5
6
15
7
5
1
14
5
22
7
8
13
11
9
23
3
6
23
11
17
9
10
4
8
18
16
13
9
8
11
18
22
21
2
4
10
14
14
2
12
8
22
7
18
13
7
9
5
2
5
17
9
10
9
14
8
5
7
9
3
23
2
3
6
5
5
6
9
13
11
15
17
5
24
2
13
15
23
28
6
2
22
4
14
12
1
2
6
21
27
16
22
7
7
11
10
16
11
12
5
11
4
10
4
14
16
20
3
4
28
2
14
9
4
1
14
12
12
12
2
7
6
3
13
1
14
1
23
5
7
5
25
12
12
15
2
8
6
17
16
5
12
8
7
1
9
7
1
1
13
1
4
5
7
5
4
9
15
6
11
15
12
14
2
23
4
23
4
5
18
28
6
9
3
18
18
3
8
5
11
4
6
10
15
27
2
9
10
19
3
15
4
12
19
9
6
8
5
18
24
6
7
1
13
14
4
7
3
10
22
10
11
20
12
9
4
18
23
5
1
10
18
11
1
4
5
9
12
15
9
12
10
8
2
15
3
7
9
15
8
1
8
8
1
4
6
5
17
5
4
7
1
14
23
11
17
16
6
14
5
10
2
17
2
11
3
10
3
11
8
4
18
17
21
13
3
14
8
6
4
3
3
11
1
1
10
8
10
4
18
17
4
8
8
8
10
9
2
1
5
9
17
10
12
14
1
2
4
7
14
1
18
3
5
5
1
11
8
8
11
9
17
8
5
10
28
1
2
9
3
17
30
16
5
8
11
16
2
4
15
10
8
15
18
20
1
15
13
14
10
3
8
11
7
20
9
9
17
9
5
4
12
7
2
20
5
9
2
6
7
15
10
2
7
1
18
4
12
13
3
11
15
2
5
5
7
11
13
9
4
16
13
4
15
9
15
22
24
13
8
17
16
3
2
10
10
20
7
4
7
5
3
6
17
23
5
11
12
16
16
4
17
5
22
36
8
4
13
5
15
14
6
6
16
24
4
5
23
18
6
19
15
9
4
14
10
15
7
7
13
5
19
3
5
9
5
18
9
8
4
11
4
12
8
7
2
2
5
16
15
5
1
8
3
12
20
12
2
16
4
13
4
5
11
13
4
3
4
9
13
9
3
12
10
2
5
15
1
5
4
22
16
13
16
4
16
3
9
13
5
4
3
4
1
3
1
3
7
1
4
19
17
12
8
7
2
17
12
3
7
1
9
14
3
3
7
12
4
7
5
5
15
6
3
2
2
4
20
2
2
17
23
4
4
17
3
6
1
2
8
16
16
14
12
10
17
12
8
9
9
14
21
6
8
2
8
1
6
7
10
4
1
5
4
9
1
8
2
7
14
2
7
9
6
4
3
1
23
10
12
9
21
10
6
11
4
14
14
18
7
4
7
16
20
3
7
2
4
24
6
11
3
8
6
4
8
11
4
14
2
3
5
10
7
12
10
13
2
7
8
23
2
1
10
6
6
17
2
4
4
4
1
7
10
4
4
14
10
19
5
4
9
1
4
5
8
10
19
21
3
6
14
2
21
2
2
14
3
11
5
13
16
7
9
6
4
10
1
13
9
20
9
3
4
4
3
15
13
3
11
18
3
6
4
1
12
18
5
4
10
3
3
5
2
7
7
2
2
4
7
12
3
16
7
7
24
18
31
2
10
19
15
9
8
18
8
1
3
6
12
8
24
10
4
5
1
3
8
6
13
5
23
5
5
10
2
13
5
12
5
6
3
23
23
2
15
1
2
15
2
13
1
1
1
1
2
12
1
1
9
14
14
11
6
26
1
16
10
13
2
6
10
3
7
10
4
13
5
2
3
3
1
1
21
3
2
2
3
10
1
9
12
1
7
19
3
6
4
5
1
14
1
10
1
1
4
1
3
8
5
2
4
18
15
3
3
5
21
8
2
30
11
2
9
2
6
1
3
11
3
2
13
9
2
19
11
5
6
9
6
6
7
12
11
3
16
2
9
14
3
2
3
19
4
16
6
4
10
7
5
13
14
8
8
3
14
30
13
2
17
5
6
2
1
12
1
15
16
14
7
7
2
13
10
25
22
15
1
20
7
5
3
1
8
9
2
36
1
16
6
7
14
16
14
7
12
9
5
16
7
1
5
4
10
2
31
11
1
9
23
6
11
16
4
2
2
16
2
1
17
4
2
18
1
23
8
1
5
1
7
11
10
4
8
7
7
5
10
4
16
9
10
14
2
8
5
4
3
5
10
2
20
17
8
6
7
14
4
4
5
24
10
21
3
17
1
4
17
8
9
4
13
1
1
4
4
4
4
2
4
5
7
12
8
9
1
1
9
1
13
16
1
3
4
19
13
11
8
10
1
22
7
11
2
6
29
5
11
21
5
7
1
9
5
17
9
1
10
6
3
2
25
4
17
2
7
5
2
8
2
8
4
7
1
9
3
1
8
9
13
4
6
10
1
6
3
5
5
8
18
12
5
1
19
6
5
4
1
3
7
1
21
1
20
12
7
3
10
1
2
5
14
8
6
4
18
12
11
14
5
15
13
7
1
5
2
3
10
14
1
2
3
6
10
5
3
10
7
18
5
1
1
12
4
6
8
15
15
7
13
7
2
8
10
4
17
8
4
6
23
17
5
10
13
3
5
4
2
5
15
9
18
2
8
17
17
8
8
25
7
14
3
7
22
9
10
6
9
23
3
6
8
12
13
11
22
3
7
14
20
18
4
5
17
1
26
20
6
3
1
14
11
8
12
2
5
13
15
1
3
2
6
17
19
8
13
9
2
6
4
5
15
3
1
20
6
14
4
10
1
3
3
2
5
14
3
3
6
12
12
12
4
8
9
14
18
2
18
12
24
18
5
1
7
7
7
2
6
3
5
19
14
15
18
11
8
22
10
2
1
2
2
2
6
13
3
1
13
1
1
5
6
2
4
12
17
7
1
10
9
6
7
3
9
9
4
8
9
16
1
3
5
2
8
11
3
5
14
4
9
2
9
2
3
1
4
1
9
10
16
5
4
1
4
5
8
4
5
5
13
7
3
9
7
9
2
3
1
17
2
17
6
2
1
1
17
8
4
9
2
1
3
2
10
2
1
13
10
3
16
11
2
7
1
3
14
6
2
6
6
1
3
10
2
2
8
1
2
15
1
6
9
3
3
2
8
2
1
3
7
3
1
3
2
2
3
3
3
9
26
8
2
3
2
2
16
3
1
3
2
3
3
6
3
13
6
3
4
5
6
13
22
10
3
6
1
6
12
8
5
15
2
2
6
3
24
7
1
3
7
9
7
7
5
3
21
5
18
1
4
3
12
2
2
19
2
3
5
1
2
8
16
2
10
1
1
4
13
7
5
7
11
1
1
1
5
1
1
6
2
13
2
9
1
3
7
1
7
7
3
4
3
1
3
19
2
4
7
10
7
3
12
3
5
6
18
3
1
3
2
3
4
1
2
14
5
2
6
3
1
14
3
16
4
9
3
3
5
7
5
4
1
3
1
5
1
1
5
14
6
4
3
5
4
10
4
2
6
9
8
11
2
8
1
20
10
6
5
4
9
3
7
5
22
2
3
15
4
18
1
1
9
1
1
4
9
9
3
2
5
5
17
9
9
1
1
6
1
11
15
1
3
3
2
2
19
9
1
3
1
24
9
1
2
7
3
6
3
1
2
6
8
6
13
12
3
7
17
2
3
9
8
1
7
1
1
1
1
7
3
5
1
20
12
3
3
1
3
2
1
3
11
8
7
1
1
1
10
10
2
1
9
7
1
4
4
4
4
3
5
5
6
6
2
1
25
2
3
15
16
17
3
8
4
1
7
2
2
15
2
2
3
5
13
3
7
1
8
4
3
1
12
7
22
6
15
3
1
24
2
3
4
20
4
1
3
5
5
4
10
13
1
2
18
7
1
12
1
6
10
3
1
1
17
1
15
1
1
10
5
1
10
19
9
1
22
1
10
2
1
5
1
3
1
4
9
10
6
12
16
10
8
13
14
1
2
9
8
1
11
6
2
4
1
9
5
3
1
15
2
15
18
7
7
6
6
24
8
16
3
18
17
4
6
2
2
7
1
4
12
5
2
8
18
9
5
19
15
6
3
4
8
1
13
16
6
21
21
3
2
3
10
6
7
4
1
2
1
16
20
4
7
5
12
4
20
1
7
6
2
11
13
19
10
3
9
6
4
1
2
10
6
1
7
2
14
1
23
1
2
4
6
14
1
4
2
1
3
2
1
11
2
2
8
1
13
4
7
4
1
11
7
8
1
1
17
9
5
2
3
1
7
8
1
2
7
4
5
21
7
2
20
9
4
9
13
5
3
4
9
1
2
1
7
5
5
1
3
5
4
16
4
12
6
5
6
14
9
7
7
1
1
9
18
3
4
8
9
3
10
4
4
1
2
14
2
2
1
14
4
6
4
1
12
1
6
11
1
4
4
19
1
5
14
5
21
13
14
3
14
5
2
4
1
6
10
4
12457
9309
10551
8701
4996
8036
5289
3462
3059
3219
2813
2521
2313
2274
1885
1821
2409
1783
1061
2084
1727
1339
1468
1461
1178
1021
1403
1058
988
1217
1264
1189
970
1072
1271
987
1012
1128
1034
1042
821
924
765
865
788
1172
607
749
875
862
679
644
1106
624
798
632
613
599
599
784
781
660
675
565
472
660
502
632
473
495
399
624
490
768
562
495
454
342
606
330
648
485
516
462
450
454
513
270
324
526
306
572
357
515
466
548
481
383
383
399
708
535
414
384
442
272
264
442
333
332
422
470
444
444
248
163
377
366
325
333
523
305
291
352
275
350
402
422
345
215
372
198
162
204
270
310
296
503
301
412
504
315
406
249
371
371
347
232
274
268
249
334
244
253
394
129
279
234
254
346
313
273
304
190
220
265
174
256
187
198
332
353
240
345
396
184
188
294
392
157
208
213
288
172
248
179
214
254
304
228
201
190
203
183
208
168
246
272
274
229
234
211
206
290
197
307
192
394
209
217
210
223
322
190
210
215
176
278
192
195
292
193
178
211
174
195
190
139
241
188
277
166
189
136
215
225
161
334
258
218
137
169
142
118
293
153
210
125
248
201
106
160
113
105
170
183
152
78
156
187
162
178
160
138
114
154
130
206
246
101
173
92
68
107
192
122
186
307
213
195
104
108
148
132
120
72
164
156
104
111
110
176
202
257
151
233
168
198
179
188
126
127
239
121
222
192
155
119
171
115
172
162
159
103
111
138
110
197
134
123
93
171
119
102
173
133
149
92
178
192
124
98
97
209
115
120
157
165
147
151
87
110
61
88
123
174
111
150
68
82
48
150
125
81
165
106
146
122
86
125
212
136
174
84
146
92
123
74
84
150
82
115
156
117
136
84
103
158
123
137
93
63
61
131
111
172
184
146
80
123
133
202
148
103
65
119
47
122
196
102
93
152
113
130
130
121
163
126
102
74
62
56
143
122
88
87
99
74
111
124
80
67
136
111
95
71
126
217
108
82
75
96
79
107
78
106
130
91
136
47
98
56
66
121
86
91
55
169
81
64
96
64
73
62
118
62
82
118
213
81
48
55
114
124
58
161
63
176
119
90
60
84
111
96
99
53
73
116
72
137
109
127
78
120
72
109
85
73
135
96
145
141
102
102
52
105
103
149
47
117
61
112
91
82
105
108
78
141
118
65
64
80
69
64
74
60
91
48
70
127
67
64
39
144
59
95
143
43
67
55
119
73
46
44
70
79
78
150
101
104
93
130
82
90
57
45
73
56
90
74
69
111
48
75
58
109
107
48
53
94
97
92
49
93
79
88
58
54
87
63
90
98
82
81
51
75
51
65
54
64
113
59
138
144
85
107
48
115
82
136
50
108
60
104
70
55
182
63
73
81
85
46
76
127
74
77
72
61
138
52
98
120
72
67
99
57
67
38
88
78
76
128
55
75
78
63
83
99
122
146
70
67
59
48
56
79
51
45
53
104
80
46
58
43
39
128
75
79
50
50
120
40
65
47
78
64
80
75
47
148
51
71
125
80
182
42
69
92
98
70
45
126
79
65
71
62
46
113
101
57
43
105
166
55
47
55
46
77
47
70
128
37
70
86
73
64
68
78
75
50
47
63
49
97
50
70
69
63
92
61
53
55
85
71
137
81
41
54
90
64
44
86
72
107
53
48
37
76
104
42
43
65
79
128
125
76
71
50
76
109
76
48
101
54
68
44
83
74
58
74
76
64
42
96
84
46
73
40
56
45
83
75
57
45
87
54
74
44
85
79
83
85
68
49
61
44
64
43
56
68
77
55
73
76
40
74
75
114
61
111
85
65
66
121
57
59
46
42
72
47
70
44
73
48
41
124
50
34
265
45
51
45
51
72
110
91
39
87
49
59
43
43
64
74
43
61
85
37
47
76
54
60
78
46
72
40
77
102
41
55
33
90
41
121
74
113
42
82
80
104
100
45
90
52
49
43
42
51
74
45
58
74
47
84
42
45
41
41
46
202
57
44
64
86
78
41
76
60
43
69
42
76
86
46
42
86
62
71
60
45
61
55
69
75
40
33
75
113
47
43
77
63
74
68
43
117
90
80
42
57
61
41
47
66
44
45
44
78
39
42
121
41
54
42
34
44
55
44
92
59
54
55
76
91
110
43
56
73
52
77
51
49
43
47
82
58
47
43
76
67
45
53
97
43
39
41
49
65
51
108
46
74
93
90
62
45
64
52
59
57
44
59
40
46
44
47
47
62
42
67
72
49
78
46
36
43
54
45
44
61
67
61
50
85
53
44
66
45
75
46
63
69
66
33
51
88
41
41
43
40
57
81
40
73
67
39
50
88
59
53
65
52
64
48
40
44
70
46
74
43
45
58
37
42
38
63
42
57
68
43
63
39
44
48
60
37
104
61
43
134
59
38
46
42
70
42
44
39
55
41
50
45
55
79
67
69
52
40
44
45
67
51
46
65
38
111
65
42
40
45
86
59
42
48
58
51
44
60
42
57
48
42
54
55
45
45
78
52
39
35
69
70
58
40
39
100
61
63
125
45
65
49
45
67
40
49
49
43
45
40
61
64
34
55
44
39
37
43
63
38
63
39
44
43
42
68
57
50
36
59
41
41
62
56
39
38
39
42
48
74
46
45
43
44
49
39
57
57
67
58
42
38
35
90
42
36
39
42
54
38
43
37
42
75
51
53
39
62
40
43
34
62
63
71
42
40
39
55
35
40
66
45
45
46
43
56
60
68
79
63
40
41
56
38
63
35
44
56
78
43
58
72
54
43
67
39
42
49
39
66
66
56
34
40
40
43
62
35
42
76
57
35
56
44
43
64
33
47
66
41
42
41
83
39
35
38
61
76
61
57
41
66
39
51
51
38
68
63
60
45
58
38
63
42
42
36
40
35
68
38
45
39
70
44
38
38
36
41
97
93
52
43
44
35
43
39
36
58
50
39
36
38
108
43
46
43
35
38
30
34
47
65
63
58
46
55
39
40
38
53
65
50
63
48
39
39
39
32
51
58
48
61
29
34
54
59
38
40
52
57
85
44
46
43
35
52
43
36
73
77
36
63
36
74
50
44
67
46
44
37
38
42
55
39
73
37
31
35
49
85
39
43
36
42
35
33
49
46
39
42
43
41
37
42
27
61
104
36
67
44
60
36
38
41
43
40
66
34
28
66
45
52
44
43
38
47
38
33
41
44
53
78
32
36
36
37
41
34
55
34
47
32
39
37
43
37
66
50
53
38
43
44
47
48
47
35
38
43
40
43
38
43
42
53
44
42
38
33
39
38
43
30
44
82
40
37
36
34
36
32
61
40
42
33
48
27
59
42
37
53
29
50
47
34
36
53
45
40
43
33
43
39
35
54
28
35
99
35
56
48
41
38
33
41
44
38
40
35
37
39
39
39
43
38
45
40
59
61
37
40
44
57
38
66
34
45
37
38
42
68
48
37
65
41
41
46
58
37
51
41
33
67
35
33
44
36
50
39
39
43
35
42
42
34
43
39
38
37
32
39
44
71
55
39
36
37
29
68
40
35
34
41
37
37
33
40
62
34
34
28
43
50
50
37
34
41
44
37
24
46
42
37
28
52
50
32
35
35
28
43
38
51
50
35
39
52
48
40
33
37
41
34
31
38
36
48
43
38
71
35
38
48
40
36
42
44
36
41
55
40
41
35
41
37
61
37
54
36
43
39
52
58
41
50
40
32
47
39
33
39
40
45
38
31
34
39
40
33
43
48
37
47
41
39
33
51
32
37
55
68
33
55
33
34
54
55
39
57
44
75
36
24
44
39
42
35
43
43
36
33
28
32
38
56
22
36
38
52
41
31
49
37
38
55
40
36
39
42
42
34
24
37
29
36
49
39
46
35
31
49
34
32
35
43
38
61
46
41
46
34
42
52
67
32
38
31
47
40
37
38
35
33
42
35
43
36
38
43
36
55
60
35
42
40
36
35
38
25
35
39
38
37
59
34
41
27
38
46
42
43
35
32
32
34
30
35
37
28
27
40
37
36
39
41
35
38
35
33
38
50
48
37
35
38
38
37
54
30
31
36
35
38
41
40
37
46
45
38
40
32
39
46
45
51
42
58
34
35
38
49
27
39
31
33
61
51
35
32
34
30
36
55
44
36
35
34
42
36
36
35
38
37
42
40
48
43
32
35
34
33
51
45
37
39
38
39
34
37
31
33
30
32
42
32
36
33
40
27
34
51
40
32
41
36
67
41
44
33
35
30
37
35
36
35
38
36
58
62
29
35
36
29
55
7
45
38
49
39
37
36
38
32
30
41
32
75
45
33
34
36
33
38
41
39
51
34
36
37
38
35
40
36
35
37
42
72
32
34
36
37
35
35
44
35
33
37
63
40
58
30
34
32
23
36
52
41
39
34
36
35
37
35
72
34
34
29
32
43
39
41
40
35
40
70
34
72
47
38
35
56
40
15
30
68
42
56
49
43
38
38
52
36
34
29
47
73
29
33
46
34
36
36
28
28
33
34
8
36
37
44
38
31
40
26
39
36
31
37
28
36
32
26
36
30
27
33
28
50
31
38
30
36
38
36
24
34
32
62
33
36
34
48
40
38
39
38
31
32
38
37
40
54
33
32
34
21
42
33
35
12
39
33
36
36
28
34
39
33
36
73
29
32
38
35
33
36
36
28
34
33
36
34
33
30
35
26
28
38
46
32
35
35
36
31
39
31
40
31
34
34
40
56
38
35
31
44
30
43
23
39
29
35
40
37
30
29
35
30
40
25
36
49
38
32
35
33
39
38
33
30
34
38
46
41
36
42
40
34
32
32
28
31
35
39
37
45
38
37
32
26
25
34
37
37
34
34
30
34
41
48
30
37
34
32
39
20
31
40
35
27
33
35
31
29
30
37
29
33
39
35
30
29
37
34
26
34
38
34
40
34
33
35
36
31
42
42
34
33
43
36
36
26
28
40
37
32
30
32
41
25
33
39
41
37
31
36
40
40
31
35
44
21
40
46
26
29
34
29
33
37
38
29
29
27
38
39
33
28
32
42
46
30
32
31
22
33
34
36
31
57
35
31
33
21
36
27
22
18
24
35
34
31
41
35
35
33
36
33
43
35
39
27
32
35
80
41
24
58
33
36
26
41
34
32
32
26
28
36
42
23
34
34
13
29
26
38
36
33
35
32
37
34
25
44
41
38
33
35
34
44
28
32
33
33
22
32
32
30
31
26
30
34
43
31
40
29
33
26
37
40
31
32
37
26
31
34
30
33
33
62
38
30
30
44
35
44
35
36
40
41
60
37
30
38
29
26
43
37
32
30
28
32
35
33
29
37
37
39
31
34
26
26
30
43
37
32
19
38
27
24
26
29
41
31
35
36
29
36
30
36
32
38
38
63
33
32
21
27
35
39
56
29
34
40
34
38
41
30
31
31
33
28
32
38
26
37
28
27
35
32
26
59
40
33
20
32
39
34
32
37
33
33
35
21
30
21
28
39
32
36
31
36
31
27
26
24
36
38
46
17
23
36
17
26
36
20
69
33
27
47
42
35
38
33
42
33
29
30
33
33
28
33
35
40
38
37
67
49
40
28
23
32
32
38
37
30
35
41
32
32
31
33
39
39
28
23
30
39
34
35
42
36
36
26
36
26
34
30
34
36
32
31
28
29
34
38
33
21
32
39
32
30
36
29
23
30
18
42
36
29
30
26
35
25
26
28
32
30
42
30
33
37
22
56
33
32
21
37
26
29
30
38
27
29
37
36
31
38
35
35
34
35
33
18
27
39
34
30
33
38
36
34
33
31
24
36
22
34
37
32
22
35
23
16
36
29
53
28
31
28
34
34
35
37
32
36
29
30
33
20
33
40
34
20
30
30
30
26
29
35
26
34
29
28
40
24
30
29
56
19
25
37
44
37
33
21
25
25
28
26
26
25
24
28
23
28
14
22
31
32
31
27
33
36
24
27
25
36
36
33
35
33
33
32
31
39
48
34
39
35
30
36
31
16
22
26
40
30
26
35
15
32
35
28
31
26
26
28
32
31
53
28
30
34
27
29
33
20
32
34
33
29
33
33
24
37
30
33
34
33
27
21
18
30
30
30
32
36
33
28
25
31
44
52
30
30
29
24
18
28
23
27
28
28
32
29
37
72
37
4
31
35
32
31
24
48
26
38
33
15
33
22
32
29
32
34
34
37
41
14
33
11
33
28
33
20
29
9
36
34
25
35
35
37
36
19
27
20
27
25
34
35
51
36
25
55
28
29
31
30
37
31
25
30
26
33
36
35
37
33
26
20
30
33
35
28
54
40
28
71
32
28
18
26
34
35
34
31
27
32
36
34
36
16
31
25
38
30
28
27
30
35
37
20
27
31
38
34
29
38
29
33
17
36
30
32
30
31
24
28
27
35
37
31
36
33
33
34
35
34
31
33
141
35
30
30
30
34
12
27
36
17
26
37
11
24
35
39
29
34
26
32
34
27
24
32
36
40
28
25
19
30
31
14
23
41
32
30
35
32
26
26
35
25
27
32
33
32
36
52
41
36
34
25
33
35
29
29
37
36
38
32
33
27
19
33
43
38
34
31
20
29
35
36
17
30
24
17
33
29
28
32
37
4
15
30
37
19
17
29
28
18
32
33
21
37
32
15
25
30
20
25
36
31
36
15
17
14
34
34
40
31
34
20
34
30
22
24
34
34
33
35
29
25
19
30
31
34
15
28
34
32
28
21
33
18
30
20
33
28
30
34
3
28
27
25
9
35
19
31
32
25
70
28
34
14
31
16
31
33
23
40
32
11
28
28
18
32
17
35
19
32
24
28
31
27
39
30
26
23
19
33
30
23
22
27
18
25
32
25
31
31
34
32
35
35
31
34
29
28
35
1
35
24
14
30
24
15
37
50
29
33
49
25
29
36
30
32
34
34
36
34
27
31
28
21
16
31
25
34
32
23
25
7
34
34
12
20
33
35
19
21
36
14
31
34
37
21
25
30
27
21
1
31
45
29
31
34
33
2
34
35
28
23
34
37
18
31
10
29
24
29
11
35
33
22
28
38
32
31
35
33
26
26
37
24
37
32
19
39
30
26
33
20
25
27
25
30
38
43
32
30
36
27
30
34
33
17
30
23
37
17
11
34
31
24
30
26
31
40
6
28
36
28
17
28
47
30
31
16
25
36
23
26
20
24
29
29
33
33
36
38
37
33
33
24
34
23
29
14
29
26
28
29
30
30
29
35
34
33
20
39
56
27
22
23
11
26
38
30
3
36
18
37
20
26
3
33
30
26
17
32
30
35
29
31
34
29
27
38
33
37
19
24
34
1
26
35
14
36
35
24
24
31
16
36
26
36
32
16
29
33
29
28
33
31
26
21
32
30
27
33
36
15
36
29
19
20
33
21
34
38
21
27
21
30
31
39
35
23
19
36
34
32
1
14
33
33
7
29
36
30
32
25
28
32
29
29
23
26
34
27
20
29
32
23
21
37
34
31
24
31
36
27
25
32
28
32
34
26
26
27
38
9
29
13
31
27
31
30
24
32
24
27
27
31
24
30
12
31
29
33
30
36
28
20
29
25
33
35
39
22
23
32
22
35
25
21
19
33
27
28
30
34
34
33
19
30
34
22
35
17
25
32
19
23
23
14
29
33
26
30
28
29
30
30
34
19
38
23
24
39
18
23
24
24
33
27
30
26
32
26
33
20
5
15
21
31
18
28
30
26
30
23
26
25
27
30
23
24
19
32
40
33
32
35
35
15
32
29
21
32
27
30
13
8
27
24
33
26
36
25
21
37
9
35
29
21
19
29
21
25
28
36
5
35
29
30
23
27
26
27
30
27
24
27
25
26
26
31
16
29
25
28
22
26
30
27
34
5
15
31
11
40
16
29
21
36
32
26
27
35
25
14
26
25
17
20
18
16
21
36
18
30
25
30
25
30
27
35
24
16
32
24
27
22
25
31
31
18
20
28
27
28
32
24
13
34
27
23
16
28
29
25
22
28
36
1
28
34
24
11
39
29
29
43
32
28
32
19
27
34
22
28
32
25
31
24
30
28
25
29
32
26
15
24
20
32
28
32
29
20
27
15
35
29
3
28
24
19
35
18
19
34
4
28
19
25
34
26
23
34
23
27
32
12
27
28
29
31
10
19
22
21
21
18
26
31
17
28
22
9
23
12
20
21
26
27
11
30
23
22
27
28
27
19
8
31
30
21
13
17
29
18
28
15
30
31
27
30
25
23
33
33
21
32
24
26
27
5
13
14
30
28
34
28
9
8
27
29
24
33
21
29
30
35
31
16
29
27
36
22
17
24
30
18
15
13
20
29
33
26
10
28
40
13
5
23
2
23
31
14
30
23
25
21
27
27
33
18
23
31
21
15
12
29
21
23
23
36
20
24
31
17
20
17
34
34
27
3
20
20
25
24
28
10
18
21
35
34
24
27
14
31
19
25
28
28
28
5
5
27
21
20
31
15
20
29
26
17
28
35
13
19
7
6
35
20
33
30
28
25
32
23
36
34
28
31
3
19
30
28
28
32
17
22
20
28
11
36
29
25
30
29
14
11
30
17
19
29
13
38
17
30
25
16
34
23
22
36
25
28
25
23
24
5
33
21
11
19
22
21
34
20
26
23
22
19
14
28
20
23
5
26
32
34
29
18
22
31
33
18
28
27
28
12
22
11
37
8
29
4283
33
35
29
34
32
27
31
33
28
16
35
32
31
30
24
24
15
27
39
24
34
29
29
22
12
33
23
8
26
19
15
28
27
18
31
20
15
8
31
26
20
3
23
13
31
33
13
16
23
18
24
26
35
35
9
24
27
21
28
15
20
27
28
22
29
27
24
33
36
12
29
29
33
22
14
24
35
26
17
27
20
17
20
10
31
30
7
20
27
18
26
25
19
31
30
2
25
27
34
32
30
25
3
23
27
23
38
30
29
30
28
31
8
29
21
20
9
17
26
16
6
19
7
32
18
33
30
3
29
28
20
20
12
29
30
29
22
36
27
5
36
25
36
32
24
26
22
19
26
23
23
22
20
17
24
19
23
25
19
23
31
8
11
25
2
19
24
25
23
12
30
18
12
22
33
26
32
21
9
27
32
14
2
21
23
28
30
22
29
26
28
31
22
26
19
25
26
22
23
23
26
15
12
22
32
32
23
24
31
13
29
27
25
36
28
9
17
23
37
25
19
38
32
24
26
24
16
22
30
6
18
25
26
26
10
39
29
24
21
11
17
27
27
29
15
14
23
32
23
24
22
5
28
3
32
37
14
26
24
38
17
20
35
24
30
21
12
13
31
15
27
31
23
28
27
19
30
12
24
24
23
24
18
30
12
5
8
24
24
30
25
22
16
22
34
14
19
24
24
32
35
26
20
23
33
21
1
15
13
30
22
29
27
32
26
22
28
15
18
23
22
28
34
16
26
27
13
17
24
18
29
22
6
22
35
21
19
31
31
21
30
17
9
35
7
8
26
5
30
11
25
11
21
5
26
2
30
27
12
28
29
20
33
30
29
28
18
12
25
22
30
33
24
23
31
36
35
30
34
18
29
30
22
35
21
29
23
27
18
26
24
25
24
20
21
1
26
23
4
17
23
25
19
5
32
28
18
10
34
17
32
23
26
35
26
3
13
30
15
12
14
24
31
23
27
24
34
29
22
30
18
35
26
15
16
24
12
24
28
16
9
23
2
24
26
15
24
29
12
21
27
10
11
19
29
2
8
6
28
9
29
24
18
11
17
29
22
15
23
10
22
31
4
29
31
15
3
19
27
16
23
19
1
30
22
3
31
3
20
16
17
27
25
29
32
20
11
23
22
26
8
24
19
26
28
3
25
20
28
24
31
28
7
19
20
14
31
36
30
12
14
24
23
34
41
30
16
18
32
23
28
33
12
23
24
5
26
18
15
18
26
27
32
20
30
23
8
1
18
1
17
9
20
17
22
29
23
30
18
31
25
11
22
16
24
10
23
16
30
22
6
14
8
6
18
28
32
33
16
16
25
12
34
26
26
28
14
14
18
1
27
27
3
10
22
12
22
30
24
20
22
26
12
13
16
31
14
16
34
4
9
15
22
10
6
21
27
14
21
19
17
26
24
23
22
25
10
24
11
24
15
11
31
24
30
9
37
26
23
21
17
16
14
6
32
2
9
9
1
26
12
28
22
21
14
25
26
30
15
26
27
31
30
26
13
16
16
20
11
21
25
25
5
29
27
24
17
23
30
14
22
11
32
13
30
17
18
21
10
23
30
27
2
21
22
11
15
20
15
16
30
29
6
28
41
20
29
14
14
35
25
8
14
23
25
24
13
27
25
19
7
16
1
8
17
18
14
20
3
19
13
28
24
27
10
30
6
20
11
33
26
19
31
23
16
15
13
25
28
13
24
27
19
19
25
20
20
9
19
9
32
32
11
9
27
17
20
27
6
17
10
29
4
8
7
9
22
22
30
7
12
25
21
24
15
25
32
14
13
17
4
9
18
23
13
12
14
3
15
8
24
3
21
14
22
19
17
29
10
10
1
28
1
17
17
15
3
11
20
25
20
15
11
17
19
8
9
18
23
13
23
25
7
12
32
9
23
24
28
8
24
14
16
15
12
18
16
29
22
26
17
25
7
19
20
24
5
3
31
17
21
29
24
1
32
24
26
29
25
25
5
11
29
2
12
24
13
28
6
27
24
17
23
13
23
23
20
23
33
17
22
13
9
1
15
12
20
19
22
17
30
4
14
8
17
15
18
22
31
27
10
15
27
32
22
20
20
15
24
19
7
22
18
13
20
1
10
6
8
18
19
20
22
13
10
14
23
1
9
16
1
19
17
9
14
22
26
29
29
3
9
30
26
20
9
27
9
19
32
27
32
9
9
37
11
24
23
18
29
2
24
31
24
8
8
28
11
14
15
28
22
18
20
10
6
14
21
22
13
26
21
17
19
20
33
21
13
18
8
3
29
10
7
19
12
15
29
21
1
6
24
18
35
12
23
24
16
8
25
27
16
10
27
23
27
22
26
2
24
3
19
33
20
17
16
29
26
25
17
17
26
20
13
33
7
10
15
5
29
28
6
25
30
27
22
25
19
20
12
25
23
5
31
11
24
16
14
18
26
22
11
2
30
16
8
22
28
15
18
19
16
15
13
21
12
10
14
13
26
8
10
3
22
20
27
18
21
9
26
22
3
25
18
22
19
22
18
20
21
14
18
18
15
17
7
14
9
4
29
31
21
13
4
9
13
14
32
8
16
11
17
16
14
6
19
7
27
16
32
7
5
6
11
23
12
6
27
17
19
13
19
6
15
8
10
16
20
7
3
5
30
17
25
21
22
8
6
6
19
6
11
10
23
24
17
10
11
23
14
16
24
5
9
26
16
23
26
24
17
10
10
18
8
15
24
30
17
13
15
17
17
2
32
4
10
10
13
23
2
11
13
5
10
12
15
29
24
28
13
19
6
10
3
25
14
17
27
26
29
24
11
25
16
28
12
22
5
34
21
24
23
21
24
8
25
9
19
22
15
18
27
28
20
23
18
9
14
18
3
20
15
17
17
19
9
11
20
7
11
14
29
1
11
23
5
6
19
21
19
3
5
14
24
20
13
19
11
11
21
9
15
5
21
28
27
32
7
17
17
1
18
3
2
2
13
3
14
8
12
24
22
19
12
1
17
14
13
3
4
22
10
16
13
22
3
5
7
11
4
10
7
17
8
12
25
7
17
3
11
4
6
4
20
39
5
6
5
31
17
15
11
14
14
28
21
34
29
3
11
9
27
19
17
19
12
10
2
1
17
1
12
15
26
21
6
1
11
32
16
2
15
15
26
28
29
19
13
26
17
1
20
6
6
12
22
11
12
24
13
14
12
18
14
9
15
16
14
26
21
7
37
21
10
14
24
22
24
20
23
10
2
26
28
18
21
2
8
30
12
15
8
13
30
15
15
21
20
19
29
18
8
11
8
3
4
8
20
4
23
22
15
8
17
21
6
5
14
9
16
29
20
23
6
27
2
18
6
15
12
17
12
5
4
10
8
12
11
7
4
22
9
13
16
16
6
18
31
20
4
19
6
18
4
12
11
19
4
27
26
15
5
13
14
17
23
21
23
14
19
18
17
6
12
13
4
12
2
9
19
26
14
16
6
18
23
14
22
4
6
18
16
4
26
17
14
22
10
9
1
18
16
36
1
9
22
19
17
9
14
14
24
16
4
11
9
6
1
22
4
10
10
7
8
28
15
10
15
16
19
19
27
19
7
12
23
1
16
17
11
18
11
22
3
8
6
15
20
32
15
11
6
23
8
7
28
11
7
17
12
7
9
18
3
26
19
13
9
20
5
11
8
4
24
2
15
18
16
10
12
7
11
18
25
16
1
2
24
1
13
13
24
25
17
21
7
23
9
14
21
8
20
7
11
7
4
6
12
18
16
7
14
16
12
8
9
14
2
1
12
10
12
3
15
1
7
19
6
17
12
6
15
31
17
6
2
11
12
13
7
6
18
18
9
12
3
9
12
15
4
14
15
25
2
19
16
2
4
16
12
12
13
27
22
8
7
11
3
21
9
17
17
16
19
10
6
18
8
16
2
7
11
3
9
11
3
18
16
21
5
9
7
25
11
5
22
18
13
5
18
4
23
13
20
12
15
1
1
4
5
7
12
1
14
8
14
6
2
7
9
12
7
21
8
9
32
5
3
3
11
19
17
11
13
11
16
19
2
9
19
13
13
6
15
22
4
2
11
9
10
2
29
20
12
20
4
5
22
4
17
1
27
6
3
16
11
5
2
22
13
2
3
11
10
22
18
17
23
2
6
15
4
20
15
9
14
10
10
7
24
25
19
19
3
6
13
13
1
6
15
10
12
9
7
7
17
1
2
10
1
2
2
12
20
22
5
9
13
19
28
1
1
20
16
14
11
12
4
3
7
2
20
10
28
16
9
5
6
1
1
1
15
28
9
16
12
19
4
12
9
13
19
4
13
16
24
15
3
22
13
18
9
10
14
12
14
18
14
10
19
12
15
19
26
24
18
1
1
7
2
10
6
7
5
20
23
19
8
1
13
17
18
7
10
7
4
20
6
5
6
6
15
22
5
21
18
10
2
6
5
7
8
10
1
10
15
2
2
20
5
5
19
2
12
10
22
8
2
12
4
2
7
1
8
16
21
11
19
6
9
1
15
20
24
5
3
2
23
14
15
9
6
1
16
6
10
1
21
16
2
17
13
10
4
13
24
25
7
9
11
28
1
3
3
16
9
11
17
8
12
12
24
7
11
3
25
12
13
19
6
2
17
7
13
24
25
9
8
3
11
11
5
8
6
20
2
3
5
7
13
7
16
10
7
1
3
20
10
6
9
9
10
6
2
1
2
9
16
11
4
3
27
1
1
5
18
1
11
3
20
4
1
1
15
8
6
5
3
7
12
8
14
19
11
19
3
2
3
8
23
13
4
13
7
9
20
4
6
5
8
1
3
5
15
6
1
8
4
5
9
15
6
6
15
1
2
17
3
1
9
5
7
5
17
20
1
6
4
15
2
1
23
1
2
2
14
7
2
4
18
10
15
7
7
8
6
10
1
10
13
2
2
2
20
4
12
5
21
4
9
17
9
21
2
6
4
2
18
11
7
13
2
13
14
20
7
13
17
9
7
6
10
7
1
3
7
18
5
4
18
18
8
12
1
12
4
8
4
3
2
12
2
10
8
2
4
10
1
3
24
4
9
9
20
1
3
1
15
8
11
4
6
1
8
6
7
5
5
3
16
3
16
3
13
14
5
10
1
2
4
12
6
9
5
7
3
1
1
6
1
2
6
11
14
17
4
6
14
7
11
6
8
9
14
4
2
2
13
4
1
8
20
3
4
1
7
19
7
4
12
13
7
12
3
19
9
13
1
5
18
1
4
3
4
26
17
4
12
13
12
15
13
11
12
6
23
8
16
5
11
7
9
2
2
1
1
1
4
4
1
1
3
2
1
5
5
10
2
4
14
6
9
2
1
12
4
1
1
1
2
13
5
4
4
1
6
5
3
2
6
2
1
3
1
2
1
5
2
2
3
9
2
3
3
2
7
4
3
1
26
4
3
3
11
9
1
4
1
19
5
1
1
2
8
1
8
1
26
9
5
2
6
2
2
1
10
9
2
5
1
11
1
1
14
21
2
12
2
3
5
2
5
6
11
11
1
3
1
15
1
19
1
17
2
6
9
7
16
2
11
2
9
8
3
7
4
2
8
7
1
3
8
9
3
5
9
1
8
6
1
2
1
13
19
12
3
10
3
2
1
3
5
1
18
2
5
4
5
6
2
3
14
9
13
4
21
6
2
2
24
7
6
5
7
3
3
10
11
4
8
1
