0.0 0.0 0.0 0.0 0.0 0.0 0.0 0.0 0.0 0.0 0.0
0.0 0.0 0.0 0.0 0.0 0.0 0.0 0.0 0.0 4.124E-6 0.0
0.0 0.0 0.0 0.0 0.0 0.0 0.0 0.0 0.0 3.585E-4 0.0
0.0 0.0 0.0 0.0 0.0 0.0 0.0 0.0 0.0 5.976E-4 0.0
0.0 0.0 0.0 0.0 0.0 0.0 0.0 0.0 0.0 8.878E-4 0.0
0.0 0.0 0.0 0.0 0.0 0.0 0.0 0.0 0.0 1.298E-3 0.0
0.0 0.0 0.0 0.0 0.0 0.0 0.0 0.0 0.0 1.985E-3 0.0
0.0 0.0 0.0 0.0 0.0 0.0 0.0 0.0 0.0 2.520E-3 0.0
0.0 0.0 0.0 0.0 0.0 0.0 0.0 0.0 0.0 3.159E-3 0.0
0.0 0.0 0.0 0.0 0.0 0.0 0.0 0.0 1.122E-9 3.827E-3 0.0
0.0 0.0 0.0 0.0 0.0 0.0 0.0 0.0 1.221E-9 4.209E-3 0.0
0.0 0.0 0.0 0.0 0.0 0.0 0.0 0.0 1.367E-9 4.538E-3 0.0
0.0 0.0 0.0 0.0 0.0 0.0 0.0 0.0 1.483E-9 4.799E-3 0.0
0.0 0.0 0.0 0.0 0.0 0.0 0.0 0.0 1.629E-9 5.096E-3 0.0
0.0 0.0 0.0 0.0 0.0 0.0 0.0 0.0 1.748E-9 5.416E-3 0.0
0.0 0.0 0.0 0.0 0.0 0.0 0.0 0.0 1.895E-9 5.687E-3 0.0
0.0 0.0 0.0 0.0 0.0 0.0 0.0 0.0 2.035E-9 5.788E-3 0.0
0.0 0.0 0.0 0.0 0.0 0.0 0.0 0.0 3.006E-9 6.997E-3 0.0
0.0 0.0 0.0 0.0 0.0 0.0 0.0 0.0 3.842E-9 9.751E-3 0.0
0.0 0.0 0.0 0.0 0.0 0.0 0.0 0.0 4.802E-9 1.283E-2 0.0
0.0 0.0 0.0 0.0 0.0 0.0 0.0 0.0 4.825E-9 1.286E-2 0.0
1.318E-9 0.0 0.0 0.0 0.0 1.308E-9 0.0 0.0 2.185E-9 5.789E-4 0.0
1.744E-9 0.0 1.252E-9 0.0 0.0 1.699E-9 0.0 0.0 2.407E-9 5.812E-4 0.0
2.203E-9 0.0 1.557E-9 0.0 0.0 2.100E-9 0.0 0.0 2.454E-9 5.903E-4 0.0
2.698E-9 0.0 1.875E-9 0.0 0.0 2.525E-9 0.0 0.0 2.537E-9 5.968E-4 0.0
3.234E-9 0.0 2.215E-9 0.0 0.0 2.981E-9 0.0 0.0 2.743E-9 6.158E-4 0.0
3.795E-9 0.0 2.574E-9 0.0 0.0 3.467E-9 0.0 0.0 2.904E-9 6.266E-4 0.0
0.0 0.0 0.0 0.0 0.0 0.0 0.0 0.0 0.0 0.0 0.0
0.0 0.0 0.0 0.0 0.0 0.0 0.0 0.0 0.0 3.101E-6 0.0
0.0 0.0 0.0 0.0 0.0 0.0 0.0 0.0 1.275E-9 3.620E-4 0.0
0.0 0.0 0.0 0.0 0.0 0.0 0.0 0.0 1.743E-9 4.663E-4 0.0
0.0 0.0 0.0 0.0 0.0 0.0 0.0 0.0 2.822E-9 7.462E-4 0.0
0.0 0.0 0.0 0.0 0.0 0.0 0.0 0.0 5.096E-9 1.217E-3 0.0
0.0 0.0 0.0 0.0 0.0 0.0 2.527E-9 0.0 7.099E-9 1.735E-3 0.0
0.0 0.0 0.0 0.0 0.0 0.0 0.0 0.0 8.149E-9 2.195E-3 0.0
0.0 0.0 0.0 0.0 0.0 0.0 0.0 0.0 8.617E-9 2.632E-3 0.0
0.0 0.0 0.0 0.0 0.0 0.0 0.0 0.0 1.013E-8 3.188E-3 0.0
0.0 0.0 0.0 0.0 0.0 0.0 0.0 0.0 1.150E-8 3.674E-3 0.0
0.0 0.0 0.0 0.0 0.0 0.0 0.0 0.0 1.318E-8 4.047E-3 0.0
0.0 0.0 0.0 0.0 0.0 0.0 0.0 0.0 1.415E-8 4.156E-3 0.0
0.0 0.0 0.0 0.0 0.0 0.0 0.0 0.0 1.559E-8 4.610E-3 0.0
0.0 0.0 0.0 0.0 0.0 0.0 0.0 0.0 1.704E-8 4.674E-3 0.0
0.0 0.0 0.0 0.0 0.0 0.0 0.0 0.0 1.843E-8 4.950E-3 0.0
0.0 0.0 0.0 0.0 0.0 0.0 0.0 0.0 2.024E-8 5.097E-3 0.0
0.0 0.0 0.0 0.0 0.0 0.0 0.0 0.0 3.049E-8 6.147E-3 0.0
0.0 0.0 0.0 0.0 0.0 0.0 0.0 0.0 4.078E-8 8.874E-3 0.0
0.0 0.0 0.0 0.0 0.0 0.0 0.0 0.0 5.399E-8 1.194E-2 0.0
0.0 0.0 0.0 0.0 0.0 0.0 0.0 0.0 5.429E-8 1.200E-2 0.0
7.918E-9 3.261E-9 5.418E-9 1.103E-9 1.110E-9 9.549E-9 0.0 0.0 2.000E-8 5.119E-4 1.931E-9
1.047E-8 4.022E-9 7.056E-9 1.240E-9 1.413E-9 1.219E-8 0.0 0.0 2.269E-8 5.098E-4 2.732E-9
1.336E-8 4.815E-9 8.881E-9 1.484E-9 1.759E-9 1.531E-8 0.0 0.0 2.399E-8 5.189E-4 2.658E-9
1.640E-8 5.590E-9 1.072E-8 1.781E-9 2.114E-9 1.855E-8 0.0 0.0 2.527E-8 5.335E-4 2.275E-9
1.992E-8 6.466E-9 1.281E-8 2.128E-9 2.519E-9 2.229E-8 0.0 0.0 2.768E-8 5.435E-4 2.537E-9
2.373E-8 7.391E-9 1.507E-8 2.508E-9 2.952E-9 2.634E-8 0.0 0.0 3.052E-8 5.486E-4 3.025E-9
0.0 0.0 0.0 0.0 0.0 0.0 0.0 0.0 0.0 0.0 0.0
0.0 0.0 0.0 0.0 0.0 0.0 0.0 0.0 0.0 1.486E-6 0.0
0.0 0.0 0.0 0.0 0.0 0.0 0.0 0.0 2.554E-8 2.259E-4 0.0
0.0 0.0 0.0 0.0 0.0 0.0 0.0 0.0 7.297E-8 5.476E-4 0.0
0.0 0.0 0.0 0.0 0.0 0.0 0.0 0.0 9.196E-8 7.373E-4 0.0
0.0 0.0 0.0 0.0 0.0 0.0 0.0 0.0 1.226E-7 1.164E-3 0.0
0.0 0.0 0.0 0.0 0.0 0.0 0.0 0.0 1.652E-7 1.700E-3 0.0
0.0 0.0 0.0 0.0 0.0 0.0 0.0 0.0 1.949E-7 2.442E-3 0.0
0.0 0.0 0.0 0.0 0.0 0.0 0.0 0.0 2.053E-7 3.175E-3 0.0
0.0 0.0 0.0 0.0 0.0 0.0 0.0 0.0 2.349E-7 4.090E-3 0.0
0.0 0.0 0.0 0.0 0.0 0.0 0.0 0.0 2.587E-7 5.151E-3 0.0
0.0 0.0 0.0 0.0 0.0 0.0 0.0 0.0 2.830E-7 5.589E-3 0.0
0.0 0.0 0.0 0.0 0.0 0.0 0.0 0.0 2.881E-7 6.268E-3 0.0
0.0 0.0 0.0 0.0 0.0 0.0 0.0 0.0 3.391E-7 6.850E-3 0.0
0.0 0.0 0.0 0.0 0.0 0.0 0.0 0.0 3.454E-7 7.532E-3 0.0
0.0 0.0 0.0 0.0 0.0 0.0 0.0 0.0 3.793E-7 7.909E-3 0.0
0.0 0.0 0.0 0.0 0.0 0.0 2.350E-8 0.0 3.990E-7 8.647E-3 0.0
0.0 0.0 0.0 0.0 0.0 0.0 0.0 0.0 6.012E-7 1.429E-2 1.095E-9
0.0 0.0 0.0 0.0 0.0 0.0 0.0 0.0 1.128E-6 8.011E-3 1.799E-9
0.0 0.0 0.0 0.0 0.0 0.0 0.0 0.0 1.595E-6 1.063E-2 2.083E-9
0.0 0.0 0.0 0.0 0.0 0.0 0.0 0.0 1.605E-6 1.068E-2 2.087E-9
2.032E-7 1.530E-7 1.003E-7 4.704E-8 1.900E-8 2.632E-7 0.0 0.0 3.989E-7 4.100E-4 1.686E-8
2.709E-7 1.972E-7 1.332E-7 5.893E-8 2.452E-8 3.292E-7 0.0 0.0 4.525E-7 4.018E-4 2.418E-8
3.042E-7 2.151E-7 1.514E-7 6.360E-8 2.778E-8 3.682E-7 0.0 2.681E-9 5.197E-7 4.075E-4 3.039E-8
3.462E-7 2.398E-7 1.742E-7 7.091E-8 3.200E-8 4.256E-7 0.0 0.0 5.530E-7 4.098E-4 2.775E-8
3.944E-7 2.700E-7 1.983E-7 7.935E-8 3.657E-8 4.867E-7 0.0 1.574E-9 6.357E-7 4.219E-4 3.861E-8
4.524E-7 3.073E-7 2.275E-7 9.031E-8 4.210E-8 5.641E-7 0.0 2.388E-9 6.819E-7 4.251E-4 3.691E-8
0.0 0.0 0.0 0.0 0.0 0.0 0.0 0.0 0.0 0.0 0.0
1.974E-7 1.538E-7 1.015E-7 4.305E-8 1.423E-8 1.896E-7 0.0 0.0 1.876E-8 2.870E-7 2.982E-8
1.395E-6 1.085E-6 7.034E-7 3.095E-7 1.026E-7 1.440E-6 0.0 0.0 1.265E-6 1.433E-4 8.789E-7
7.559E-7 6.018E-7 3.728E-7 1.721E-7 5.555E-8 6.965E-7 0.0 2.697E-8 4.326E-6 1.766E-4 1.651E-6
7.729E-7 6.216E-7 3.838E-7 1.832E-7 5.735E-8 7.543E-7 0.0 2.628E-8 5.022E-6 4.135E-4 6.041E-8
8.243E-7 6.744E-7 3.963E-7 2.028E-7 6.196E-8 8.762E-7 0.0 0.0 5.923E-6 6.370E-4 6.760E-8
0.0 0.0 0.0 0.0 0.0 0.0 0.0 0.0 7.079E-6 8.459E-4 4.951E-8
0.0 0.0 0.0 0.0 0.0 0.0 0.0 0.0 8.829E-6 1.425E-3 3.255E-8
0.0 0.0 0.0 0.0 0.0 0.0 0.0 0.0 1.006E-5 2.027E-3 1.853E-8
0.0 0.0 0.0 0.0 0.0 0.0 0.0 0.0 1.075E-5 2.680E-3 1.647E-8
0.0 0.0 0.0 0.0 0.0 0.0 0.0 0.0 1.181E-5 3.515E-3 1.071E-8
0.0 0.0 0.0 0.0 0.0 0.0 0.0 0.0 1.314E-5 4.414E-3 1.057E-8
0.0 0.0 0.0 0.0 0.0 0.0 0.0 0.0 1.430E-5 5.319E-3 9.333E-9
0.0 0.0 0.0 0.0 0.0 0.0 0.0 0.0 1.452E-5 5.941E-3 9.407E-9
0.0 0.0 0.0 0.0 0.0 0.0 0.0 0.0 1.586E-5 6.763E-3 9.468E-9
0.0 0.0 0.0 0.0 0.0 0.0 0.0 0.0 1.811E-5 7.417E-3 9.564E-9
0.0 0.0 0.0 0.0 0.0 0.0 0.0 0.0 1.867E-5 8.352E-3 9.541E-9
0.0 0.0 0.0 0.0 0.0 0.0 0.0 0.0 2.673E-5 1.434E-2 9.258E-9
0.0 0.0 0.0 0.0 0.0 0.0 0.0 0.0 4.243E-5 6.406E-3 2.500E-8
0.0 0.0 0.0 0.0 0.0 0.0 0.0 0.0 5.424E-5 8.072E-3 2.810E-8
0.0 0.0 0.0 0.0 0.0 0.0 0.0 0.0 5.448E-5 8.130E-3 2.808E-8
1.108E-4 8.666E-5 5.988E-5 2.551E-5 7.295E-6 6.689E-5 0.0 2.869E-7 6.921E-6 2.101E-4 5.099E-7
1.285E-4 9.920E-5 7.088E-5 2.931E-5 8.319E-6 7.444E-5 0.0 0.0 9.286E-6 2.276E-4 2.649E-6
1.486E-4 1.138E-4 8.282E-5 3.350E-5 9.388E-6 8.000E-5 1.126E-8 1.659E-7 8.813E-6 2.332E-4 8.658E-7
1.699E-4 1.288E-4 9.651E-5 3.808E-5 1.056E-5 8.725E-5 0.0 1.448E-7 9.480E-6 2.357E-4 1.196E-6
1.841E-4 1.383E-4 1.064E-4 4.086E-5 1.119E-5 8.809E-5 1.444E-7 2.065E-6 1.063E-5 2.427E-4 1.977E-6
1.983E-4 1.477E-4 1.168E-4 4.377E-5 1.180E-5 8.890E-5 1.679E-7 2.906E-6 1.062E-5 2.441E-4 1.354E-6
4.972E-5 3.838E-5 2.760E-5 1.082E-5 3.122E-6 2.627E-5 0.0 0.0 0.0 0.0 0.0
7.186E-5 5.531E-5 4.116E-5 1.576E-5 4.414E-6 3.490E-5 0.0 0.0 0.0 0.0 0.0
7.830E-5 6.048E-5 4.529E-5 1.742E-5 4.795E-6 3.778E-5 0.0 0.0 0.0 0.0 0.0
8.571E-5 6.600E-5 5.063E-5 1.920E-5 5.182E-6 3.795E-5 0.0 0.0 0.0 0.0 0.0
1.013E-4 7.811E-5 6.007E-5 2.280E-5 6.106E-6 4.413E-5 0.0 0.0 0.0 0.0 0.0
1.084E-4 8.355E-5 6.393E-5 2.448E-5 6.629E-6 5.319E-5 0.0 0.0 0.0 0.0 0.0
1.247E-4 9.559E-5 7.359E-5 2.804E-5 7.678E-6 6.819E-5 0.0 0.0 1.009E-5 8.351E-5 4.482E-7
1.377E-4 1.049E-4 8.138E-5 3.094E-5 8.542E-6 8.295E-5 0.0 0.0 9.311E-7 1.147E-5 1.356E-6
6.938E-5 3.016E-5 8.386E-5 1.832E-5 1.915E-5 2.593E-4 0.0 0.0 1.798E-5 2.346E-4 1.979E-7
1.097E-5 8.462E-6 7.290E-6 2.733E-6 6.504E-7 4.265E-6 1.167E-4 3.145E-9 5.149E-5 4.325E-4 5.524E-5
1.130E-5 8.715E-6 7.354E-6 2.783E-6 6.754E-7 4.843E-6 0.0 8.338E-7 9.924E-5 9.462E-4 1.389E-5
1.143E-5 8.817E-6 7.597E-6 2.897E-6 6.928E-7 5.458E-6 0.0 0.0 2.133E-4 1.849E-3 8.450E-5
8.374E-6 6.165E-6 6.267E-6 2.458E-6 6.379E-7 6.252E-6 0.0 0.0 2.112E-4 2.686E-3 9.150E-6
6.073E-6 3.488E-6 5.872E-6 1.549E-6 1.066E-6 1.035E-5 0.0 0.0 2.184E-4 3.652E-3 3.750E-6
2.114E-9 2.026E-9 1.023E-9 0.0 0.0 1.968E-9 3.523E-5 0.0 2.366E-4 4.655E-3 2.680E-6
1.208E-9 1.048E-9 1.113E-9 0.0 0.0 2.327E-9 0.0 0.0 2.411E-4 5.677E-3 3.488E-6
0.0 0.0 0.0 0.0 0.0 0.0 0.0 0.0 2.634E-4 6.506E-3 6.127E-6
0.0 0.0 0.0 0.0 0.0 0.0 0.0 0.0 3.258E-4 1.338E-2 2.450E-7
0.0 0.0 0.0 0.0 0.0 0.0 0.0 0.0 4.328E-4 8.747E-3 8.492E-7
0.0 0.0 0.0 0.0 0.0 1.038E-9 0.0 0.0 6.015E-4 6.385E-3 6.446E-6
0.0 0.0 0.0 0.0 0.0 1.029E-9 0.0 0.0 6.030E-4 6.465E-3 6.272E-6
5.104E-4 3.923E-4 4.112E-4 1.467E-4 2.628E-5 1.141E-4 0.0 3.620E-5 1.897E-5 9.433E-5 1.195E-6
5.590E-4 4.283E-4 4.723E-4 1.665E-4 2.809E-5 1.137E-4 3.314E-6 9.557E-6 2.855E-5 8.266E-5 1.742E-5
6.023E-4 4.596E-4 5.356E-4 1.866E-4 2.972E-5 1.163E-4 0.0 1.836E-5 2.789E-5 8.240E-5 1.308E-5
6.412E-4 4.876E-4 5.970E-4 2.056E-4 3.100E-5 1.165E-4 8.729E-7 9.972E-6 2.486E-5 7.776E-5 1.870E-5
6.759E-4 5.126E-4 6.566E-4 2.238E-4 3.206E-5 1.159E-4 1.395E-6 1.288E-5 2.694E-5 8.094E-5 1.715E-5
7.087E-4 5.357E-4 7.164E-4 2.417E-4 3.313E-5 1.166E-4 1.720E-6 1.871E-5 2.819E-5 7.782E-5 1.235E-5
1.416E-4 1.103E-4 8.849E-5 3.324E-5 7.925E-6 5.077E-5 0.0 0.0 0.0 0.0 0.0
1.740E-4 1.358E-4 1.092E-4 4.139E-5 9.785E-6 6.522E-5 0.0 0.0 0.0 0.0 0.0
2.194E-4 1.712E-4 1.411E-4 5.292E-5 1.209E-5 7.449E-5 0.0 0.0 0.0 0.0 0.0
2.532E-4 1.979E-4 1.624E-4 6.118E-5 1.400E-5 8.641E-5 0.0 0.0 0.0 0.0 0.0
2.396E-4 1.875E-4 1.554E-4 5.855E-5 1.318E-5 7.955E-5 0.0 0.0 0.0 0.0 0.0
2.788E-4 2.178E-4 1.849E-4 6.915E-5 1.517E-5 9.015E-5 0.0 0.0 0.0 0.0 0.0
3.214E-4 2.523E-4 2.115E-4 8.031E-5 1.770E-5 1.144E-4 0.0 0.0 0.0 0.0 0.0
3.297E-4 2.584E-4 2.198E-4 8.282E-5 1.802E-5 1.093E-4 9.297E-6 1.678E-6 0.0 0.0 0.0
3.470E-4 2.712E-4 2.338E-4 8.786E-5 1.908E-5 1.276E-4 0.0 0.0 1.673E-5 1.200E-4 2.483E-7
3.659E-4 2.850E-4 2.506E-4 9.347E-5 2.015E-5 1.387E-4 0.0 0.0 1.897E-5 5.696E-5 3.038E-5
3.516E-4 2.500E-4 3.070E-4 1.118E-4 2.626E-5 2.586E-4 0.0 0.0 3.244E-5 2.813E-4 3.029E-7
2.427E-4 1.765E-4 1.882E-4 7.070E-5 1.621E-5 1.681E-4 0.0 0.0 2.934E-5 4.076E-4 1.361E-4
3.251E-5 2.440E-5 3.027E-5 1.111E-5 2.169E-6 1.533E-5 0.0 7.873E-5 2.168E-4 8.662E-4 2.598E-4
2.498E-5 1.978E-5 1.888E-5 7.149E-6 1.366E-6 8.374E-6 8.014E-5 4.558E-6 2.580E-4 1.393E-3 1.314E-4
7.373E-6 5.596E-6 4.535E-6 1.670E-6 4.370E-7 3.462E-6 5.662E-5 0.0 3.925E-4 2.465E-3 9.564E-5
2.238E-9 2.086E-9 1.169E-9 0.0 0.0 1.875E-9 2.494E-5 0.0 6.101E-4 4.675E-3 1.478E-4
0.0 0.0 0.0 0.0 0.0 0.0 2.647E-5 0.0 6.391E-4 5.490E-3 3.434E-5
0.0 0.0 0.0 0.0 0.0 0.0 0.0 0.0 7.337E-4 1.210E-2 2.153E-6
0.0 0.0 0.0 0.0 0.0 1.383E-9 0.0 0.0 9.519E-4 1.091E-2 5.244E-6
1.711E-9 1.486E-9 1.072E-9 0.0 0.0 2.688E-9 0.0 0.0 1.218E-3 9.796E-3 1.685E-5
1.717E-9 1.493E-9 1.075E-9 0.0 0.0 2.674E-9 0.0 0.0 1.225E-3 9.851E-3 1.703E-5
8.636E-4 6.707E-4 9.145E-4 3.179E-4 3.820E-5 1.205E-4 7.352E-8 7.790E-5 2.049E-5 4.291E-5 1.323E-6
9.340E-4 7.230E-4 1.045E-3 3.595E-4 4.067E-5 1.248E-4 2.058E-7 5.354E-5 2.458E-5 2.435E-5 6.630E-6
9.913E-4 7.630E-4 1.174E-3 3.987E-4 4.318E-5 1.346E-4 0.0 3.654E-5 1.960E-5 4.102E-5 3.937E-6
1.037E-3 7.982E-4 1.292E-3 4.363E-4 4.389E-5 1.256E-4 4.083E-6 3.305E-5 2.678E-5 3.825E-5 1.410E-5
1.084E-3 8.313E-4 1.421E-3 4.753E-4 4.576E-5 1.313E-4 2.233E-6 2.861E-5 2.831E-5 3.600E-5 1.681E-5
1.123E-3 8.611E-4 1.544E-3 5.135E-4 4.679E-5 1.285E-4 3.430E-6 2.150E-5 2.761E-5 3.458E-5 2.929E-5
4.386E-4 3.512E-4 2.646E-4 1.050E-4 2.456E-5 1.616E-4 0.0 0.0 0.0 0.0 0.0
5.537E-4 4.427E-4 3.405E-4 1.340E-4 3.069E-5 1.965E-4 0.0 0.0 0.0 0.0 0.0
6.244E-4 5.028E-4 3.879E-4 1.546E-4 3.450E-5 2.272E-4 0.0 0.0 0.0 0.0 0.0
6.729E-4 5.407E-4 4.264E-4 1.681E-4 3.666E-5 2.280E-4 0.0 0.0 0.0 0.0 0.0
7.104E-4 5.710E-4 4.574E-4 1.795E-4 3.827E-5 2.253E-4 0.0 0.0 0.0 0.0 0.0
8.048E-4 6.461E-4 5.216E-4 2.036E-4 4.305E-5 2.456E-4 0.0 0.0 0.0 0.0 0.0
8.836E-4 7.152E-4 5.850E-4 2.310E-4 4.695E-5 2.821E-4 0.0 0.0 0.0 0.0 0.0
8.959E-4 7.084E-4 6.333E-4 2.353E-4 5.421E-5 3.397E-4 0.0 0.0 0.0 0.0 0.0
9.869E-4 7.946E-4 6.949E-4 2.681E-4 5.053E-5 2.732E-4 0.0 0.0 3.828E-6 5.612E-5 1.336E-8
1.060E-3 8.593E-4 7.994E-4 3.067E-4 5.214E-5 2.732E-4 0.0 0.0 3.958E-5 1.531E-4 6.882E-6
1.098E-3 8.890E-4 8.710E-4 3.315E-4 5.297E-5 2.758E-4 0.0 0.0 8.287E-5 1.541E-4 1.374E-4
1.157E-3 9.315E-4 9.931E-4 3.703E-4 5.412E-5 3.117E-4 0.0 0.0 5.386E-5 3.387E-4 7.887E-7
1.032E-3 7.188E-4 1.152E-3 3.470E-4 8.928E-5 7.246E-4 0.0 0.0 4.548E-5 4.676E-4 2.163E-7
8.239E-4 6.437E-4 7.881E-4 2.941E-4 4.160E-5 2.908E-4 0.0 6.207E-4 3.795E-5 6.144E-4 1.149E-7
1.190E-4 9.143E-5 1.050E-4 3.919E-5 6.678E-6 5.673E-5 1.950E-3 1.578E-8 1.523E-4 7.633E-4 8.779E-4
4.101E-5 3.257E-5 4.915E-5 1.817E-5 2.000E-6 1.122E-5 1.833E-4 5.113E-4 3.347E-4 1.017E-3 1.032E-3
2.804E-5 1.425E-5 3.954E-5 7.333E-6 4.294E-6 3.770E-5 0.0 2.692E-5 5.993E-4 2.126E-3 9.256E-4
1.235E-9 1.077E-9 0.0 0.0 0.0 1.966E-9 0.0 2.250E-9 1.847E-3 1.087E-2 1.026E-4
2.516E-9 2.222E-9 1.613E-9 0.0 0.0 4.438E-9 0.0 3.632E-9 2.133E-3 1.448E-2 5.793E-5
3.752E-9 3.411E-9 2.276E-9 1.408E-9 0.0 6.132E-9 0.0 5.517E-9 2.549E-3 1.707E-2 5.820E-5
3.815E-9 3.469E-9 2.300E-9 1.422E-9 0.0 6.122E-9 0.0 5.482E-9 2.550E-3 1.709E-2 5.885E-5
1.763E-3 1.396E-3 2.622E-3 8.934E-4 6.470E-5 1.729E-4 0.0 0.0 2.459E-5 7.382E-5 4.483E-6
1.834E-3 1.449E-3 2.984E-3 1.010E-3 6.763E-5 1.767E-4 0.0 0.0 7.030E-6 6.068E-5 3.297E-7
1.877E-3 1.485E-3 3.318E-3 1.117E-3 6.937E-5 1.750E-4 0.0 1.354E-4 0.0 0.0 0.0
1.934E-3 1.528E-3 3.668E-3 1.228E-3 7.167E-5 1.777E-4 1.242E-5 2.297E-5 1.469E-5 1.239E-5 7.681E-6
1.987E-3 1.569E-3 4.024E-3 1.340E-3 7.397E-5 1.831E-4 7.084E-6 1.684E-5 1.572E-5 1.327E-5 4.907E-5
2.028E-3 1.600E-3 4.381E-3 1.452E-3 7.638E-5 1.905E-4 5.351E-6 3.804E-5 1.579E-5 7.799E-6 2.605E-5
7.962E-4 6.493E-4 4.946E-4 1.988E-4 4.265E-5 2.709E-4 0.0 0.0 0.0 0.0 0.0
1.118E-3 9.171E-4 6.973E-4 2.841E-4 5.995E-5 3.824E-4 0.0 0.0 0.0 0.0 0.0
1.312E-3 1.077E-3 8.322E-4 3.371E-4 6.966E-5 4.332E-4 0.0 0.0 0.0 0.0 0.0
1.303E-3 1.072E-3 8.409E-4 3.411E-4 6.869E-5 4.324E-4 0.0 0.0 0.0 0.0 0.0
1.405E-3 1.160E-3 9.183E-4 3.734E-4 7.339E-5 4.522E-4 0.0 0.0 0.0 0.0 0.0
1.576E-3 1.299E-3 1.062E-3 4.264E-4 8.021E-5 4.497E-4 0.0 0.0 0.0 0.0 0.0
1.715E-3 1.415E-3 1.175E-3 4.698E-4 8.648E-5 4.710E-4 0.0 0.0 0.0 0.0 0.0
1.808E-3 1.496E-3 1.270E-3 5.077E-4 9.044E-5 5.005E-4 0.0 0.0 0.0 0.0 0.0
2.038E-3 1.693E-3 1.447E-3 5.813E-4 1.014E-4 5.593E-4 0.0 0.0 0.0 0.0 0.0
2.017E-3 1.657E-3 1.492E-3 5.833E-4 9.774E-5 4.895E-4 0.0 0.0 0.0 0.0 0.0
2.117E-3 1.740E-3 1.600E-3 6.237E-4 1.015E-4 4.975E-4 0.0 0.0 0.0 0.0 0.0
2.371E-3 1.959E-3 1.788E-3 7.046E-4 1.146E-4 5.901E-4 0.0 0.0 0.0 0.0 0.0
2.129E-3 1.703E-3 1.981E-3 7.579E-4 1.047E-4 5.523E-4 0.0 0.0 4.692E-5 4.709E-4 4.094E-7
1.984E-3 1.644E-3 2.021E-3 7.606E-4 8.520E-5 4.344E-4 0.0 3.409E-4 1.256E-5 3.706E-4 2.403E-8
1.608E-3 1.183E-3 2.429E-3 8.830E-4 8.978E-5 5.910E-4 0.0 0.0 1.390E-4 6.324E-4 5.151E-4
4.971E-4 3.744E-4 6.920E-4 2.600E-4 2.753E-5 2.087E-4 3.967E-3 4.553E-8 5.922E-5 8.619E-4 1.399E-3
5.073E-5 3.269E-5 1.064E-4 3.147E-5 3.924E-6 3.041E-5 1.851E-3 2.419E-3 2.513E-4 7.544E-4 3.122E-5
5.884E-9 5.412E-9 3.584E-9 2.293E-9 0.0 9.373E-9 0.0 2.536E-8 2.981E-3 9.306E-3 2.308E-3
5.893E-9 5.374E-9 3.850E-9 2.458E-9 0.0 1.178E-8 0.0 1.908E-8 3.484E-3 1.489E-2 4.698E-4
9.763E-9 9.002E-9 6.214E-9 4.020E-9 1.484E-9 2.010E-8 0.0 2.990E-8 4.130E-3 1.816E-2 3.550E-4
9.811E-9 9.057E-9 6.223E-9 4.032E-9 1.482E-9 2.007E-8 0.0 2.968E-8 4.115E-3 1.786E-2 3.624E-4
3.075E-3 2.464E-3 4.976E-3 1.700E-3 1.202E-4 3.029E-4 0.0 0.0 7.947E-6 1.619E-4 3.310E-7
3.063E-3 2.453E-3 5.778E-3 1.957E-3 1.116E-4 3.233E-4 0.0 0.0 0.0 0.0 0.0
2.915E-3 2.338E-3 6.647E-3 2.234E-3 1.086E-4 3.551E-4 0.0 0.0 8.865E-6 3.758E-5 1.632E-5
2.853E-3 2.290E-3 7.441E-3 2.485E-3 1.119E-4 3.858E-4 0.0 0.0 1.748E-5 5.776E-6 7.898E-5
2.903E-3 2.340E-3 8.115E-3 2.707E-3 1.129E-4 3.731E-4 2.058E-5 3.143E-5 3.243E-6 1.354E-5 9.046E-6
2.940E-3 2.377E-3 8.838E-3 2.941E-3 1.160E-4 3.678E-4 1.150E-5 9.800E-5 0.0 0.0 0.0