0	0	0	0	0	0
0	0	0	0	0	0
0	0	0	0	0	0
	0	0	0	0	0	0
0	0	0	0	0	0
0	0	0	0	0	0
0	0	0	0	0	0
0	0	0	0	0	0
0	0	0	0	0	0
0	0	0	0	0	0
0	0	0	0	0	0
0	0	0	0	0	0
0	0	0	0	0	0
0	0	0	0	0	0
0	0	0	0	0	0
0	0	0	0	0	0
0	0	0	0	0	0
0	0	0	0	0	0
0	0	0	0	0	0
0	0	0	0	0	0
	0	0	0	0	0	0
1.32E-09	0	0	0	0	1.31E-09
1.74E-09	0	1.25E-09	0	0	1.70E-09
2.20E-09	0	1.56E-09	0	0	2.10E-09
2.70E-09	0	1.88E-09	0	0	2.53E-09
3.23E-09	0	2.22E-09	0	0	2.98E-09
3.80E-09	0	2.57E-09	0	0	3.47E-09
0	0	0	0	0	0
0	0	0	0	0	0
0	0	0	0	0	0
	0	0	0	0	0	0
0	0	0	0	0	0
0	0	0	0	0	0
0	0	0	0	0	0
0	0	0	0	0	0
0	0	0	0	0	0
0	0	0	0	0	0
0	0	0	0	0	0
0	0	0	0	0	0
0	0	0	0	0	0
0	0	0	0	0	0
0	0	0	0	0	0
0	0	0	0	0	0
0	0	0	0	0	0
0	0	0	0	0	0
0	0	0	0	0	0
0	0	0	0	0	0
	0	0	0	0	0	0
7.92E-09	3.26E-09	5.42E-09	1.10E-09	1.11E-09	9.55E-09
1.05E-08	4.02E-09	7.06E-09	1.24E-09	1.41E-09	1.22E-08
1.34E-08	4.82E-09	8.88E-09	1.48E-09	1.76E-09	1.53E-08
1.64E-08	5.59E-09	1.07E-08	1.78E-09	2.11E-09	1.86E-08
1.99E-08	6.47E-09	1.28E-08	2.13E-09	2.52E-09	2.23E-08
2.37E-08	7.39E-09	1.51E-08	2.51E-09	2.95E-09	2.63E-08
0	0	0	0	0	0
0	0	0	0	0	0
0	0	0	0	0	0
	0	0	0	0	0	0
0	0	0	0	0	0
0	0	0	0	0	0
0	0	0	0	0	0
0	0	0	0	0	0
0	0	0	0	0	0
0	0	0	0	0	0
0	0	0	0	0	0
0	0	0	0	0	0
0	0	0	0	0	0
0	0	0	0	0	0
0	0	0	0	0	0
0	0	0	0	0	0
0	0	0	0	0	0
0	0	0	0	0	0
0	0	0	0	0	0
0	0	0	0	0	0
	0	0	0	0	0	0
2.03E-07	1.53E-07	1.00E-07	4.70E-08	1.90E-08	2.63E-07
2.71E-07	1.97E-07	1.33E-07	5.89E-08	2.45E-08	3.29E-07
3.04E-07	2.15E-07	1.51E-07	6.36E-08	2.78E-08	3.68E-07
3.46E-07	2.40E-07	1.74E-07	7.09E-08	3.20E-08	4.26E-07
3.94E-07	2.70E-07	1.98E-07	7.94E-08	3.66E-08	4.87E-07
4.52E-07	3.07E-07	2.28E-07	9.03E-08	4.21E-08	5.64E-07
0	0	0	0	0	0
1.97E-07	1.54E-07	1.02E-07	4.31E-08	1.42E-08	1.90E-07
1.40E-06	1.09E-06	7.03E-07	3.10E-07	1.03E-07	1.44E-06
	7.56E-07	6.02E-07	3.73E-07	1.72E-07	5.56E-08	6.97E-07
7.73E-07	6.22E-07	3.84E-07	1.83E-07	5.74E-08	7.54E-07
8.24E-07	6.74E-07	3.96E-07	2.03E-07	6.20E-08	8.76E-07
0	0	0	0	0	0
0	0	0	0	0	0
0	0	0	0	0	0
0	0	0	0	0	0
0	0	0	0	0	0
0	0	0	0	0	0
0	0	0	0	0	0
0	0	0	0	0	0
0	0	0	0	0	0
0	0	0	0	0	0
0	0	0	0	0	0
0	0	0	0	0	0
0	0	0	0	0	0
0	0	0	0	0	0
	0	0	0	0	0	0
1.11E-04	8.67E-05	5.99E-05	2.55E-05	7.30E-06	6.69E-05
1.29E-04	9.92E-05	7.09E-05	2.93E-05	8.32E-06	7.44E-05
1.49E-04	1.14E-04	8.28E-05	3.35E-05	9.39E-06	8.00E-05
1.70E-04	1.29E-04	9.65E-05	3.81E-05	1.06E-05	8.73E-05
1.84E-04	1.38E-04	1.06E-04	4.09E-05	1.12E-05	8.81E-05
1.98E-04	1.48E-04	1.17E-04	4.38E-05	1.18E-05	8.89E-05
4.97E-05	3.84E-05	2.76E-05	1.08E-05	3.12E-06	2.63E-05
7.19E-05	5.53E-05	4.12E-05	1.58E-05	4.41E-06	3.49E-05
7.83E-05	6.05E-05	4.53E-05	1.74E-05	4.80E-06	3.78E-05
	8.57E-05	6.60E-05	5.06E-05	1.92E-05	5.18E-06	3.80E-05
1.01E-04	7.81E-05	6.01E-05	2.28E-05	6.11E-06	4.41E-05
1.08E-04	8.36E-05	6.39E-05	2.45E-05	6.63E-06	5.32E-05
1.25E-04	9.56E-05	7.36E-05	2.80E-05	7.68E-06	6.82E-05
1.38E-04	1.05E-04	8.14E-05	3.09E-05	8.54E-06	8.30E-05
6.94E-05	3.02E-05	8.39E-05	1.83E-05	1.92E-05	2.59E-04
1.10E-05	8.46E-06	7.29E-06	2.73E-06	6.50E-07	4.27E-06
1.13E-05	8.72E-06	7.35E-06	2.78E-06	6.75E-07	4.84E-06
1.14E-05	8.82E-06	7.60E-06	2.90E-06	6.93E-07	5.46E-06
8.37E-06	6.17E-06	6.27E-06	2.46E-06	6.38E-07	6.25E-06
6.07E-06	3.49E-06	5.87E-06	1.55E-06	1.07E-06	1.04E-05
2.11E-09	2.03E-09	1.02E-09	0	0	1.97E-09
1.21E-09	1.05E-09	1.11E-09	0	0	2.33E-09
0	0	0	0	0	0
0	0	0	0	0	0
0	0	0	0	0	0
0	0	0	0	0	1.04E-09
	0	0	0	0	0	1.03E-09
5.10E-04	3.92E-04	4.11E-04	1.47E-04	2.63E-05	1.14E-04
5.59E-04	4.28E-04	4.72E-04	1.67E-04	2.81E-05	1.14E-04
6.02E-04	4.60E-04	5.36E-04	1.87E-04	2.97E-05	1.16E-04
6.41E-04	4.88E-04	5.97E-04	2.06E-04	3.10E-05	1.17E-04
6.76E-04	5.13E-04	6.57E-04	2.24E-04	3.21E-05	1.16E-04
7.09E-04	5.36E-04	7.16E-04	2.42E-04	3.31E-05	1.17E-04
1.42E-04	1.10E-04	8.85E-05	3.32E-05	7.93E-06	5.08E-05
1.74E-04	1.36E-04	1.09E-04	4.14E-05	9.79E-06	6.52E-05
2.19E-04	1.71E-04	1.41E-04	5.29E-05	1.21E-05	7.45E-05
	2.53E-04	1.98E-04	1.62E-04	6.12E-05	1.40E-05	8.64E-05
2.40E-04	1.88E-04	1.55E-04	5.86E-05	1.32E-05	7.96E-05
2.79E-04	2.18E-04	1.85E-04	6.92E-05	1.52E-05	9.02E-05
3.21E-04	2.52E-04	2.12E-04	8.03E-05	1.77E-05	1.14E-04
3.30E-04	2.58E-04	2.20E-04	8.28E-05	1.80E-05	1.09E-04
3.47E-04	2.71E-04	2.34E-04	8.79E-05	1.91E-05	1.28E-04
3.66E-04	2.85E-04	2.51E-04	9.35E-05	2.02E-05	1.39E-04
3.52E-04	2.50E-04	3.07E-04	1.12E-04	2.63E-05	2.59E-04
2.43E-04	1.77E-04	1.88E-04	7.07E-05	1.62E-05	1.68E-04
3.25E-05	2.44E-05	3.03E-05	1.11E-05	2.17E-06	1.53E-05
2.50E-05	1.98E-05	1.89E-05	7.15E-06	1.37E-06	8.37E-06
7.37E-06	5.60E-06	4.54E-06	1.67E-06	4.37E-07	3.46E-06
2.24E-09	2.09E-09	1.17E-09	0	0	1.88E-09
0	0	0	0	0	0
0	0	0	0	0	0
0	0	0	0	0	1.38E-09
1.71E-09	1.49E-09	1.07E-09	0	0	2.69E-09
	1.72E-09	1.49E-09	1.08E-09	0	0	2.67E-09
8.64E-04	6.71E-04	9.15E-04	3.18E-04	3.82E-05	1.21E-04
9.34E-04	7.23E-04	1.05E-03	3.60E-04	4.07E-05	1.25E-04
9.91E-04	7.63E-04	1.17E-03	3.99E-04	4.32E-05	1.35E-04
1.04E-03	7.98E-04	1.29E-03	4.36E-04	4.39E-05	1.26E-04
1.08E-03	8.31E-04	1.42E-03	4.75E-04	4.58E-05	1.31E-04
1.12E-03	8.61E-04	1.54E-03	5.14E-04	4.68E-05	1.29E-04
4.39E-04	3.51E-04	2.65E-04	1.05E-04	2.46E-05	1.62E-04
5.54E-04	4.43E-04	3.41E-04	1.34E-04	3.07E-05	1.97E-04
6.24E-04	5.03E-04	3.88E-04	1.55E-04	3.45E-05	2.27E-04
	6.73E-04	5.41E-04	4.26E-04	1.68E-04	3.67E-05	2.28E-04
7.10E-04	5.71E-04	4.57E-04	1.80E-04	3.83E-05	2.25E-04
8.05E-04	6.46E-04	5.22E-04	2.04E-04	4.31E-05	2.46E-04
8.84E-04	7.15E-04	5.85E-04	2.31E-04	4.70E-05	2.82E-04
8.96E-04	7.08E-04	6.33E-04	2.35E-04	5.42E-05	3.40E-04
9.87E-04	7.95E-04	6.95E-04	2.68E-04	5.05E-05	2.73E-04
1.06E-03	8.59E-04	7.99E-04	3.07E-04	5.21E-05	2.73E-04
1.10E-03	8.89E-04	8.71E-04	3.32E-04	5.30E-05	2.76E-04
1.16E-03	9.32E-04	9.93E-04	3.70E-04	5.41E-05	3.12E-04
1.03E-03	7.19E-04	1.15E-03	3.47E-04	8.93E-05	7.25E-04
8.24E-04	6.44E-04	7.88E-04	2.94E-04	4.16E-05	2.91E-04
1.19E-04	9.14E-05	1.05E-04	3.92E-05	6.68E-06	5.67E-05
4.10E-05	3.26E-05	4.92E-05	1.82E-05	2.00E-06	1.12E-05
2.80E-05	1.43E-05	3.95E-05	7.33E-06	4.29E-06	3.77E-05
1.24E-09	1.08E-09	0	0	0	1.97E-09
2.52E-09	2.22E-09	1.61E-09	0	0	4.44E-09
3.75E-09	3.41E-09	2.28E-09	1.41E-09	0	6.13E-09
	3.82E-09	3.47E-09	2.30E-09	1.42E-09	0	6.12E-09
1.76E-03	1.40E-03	2.62E-03	8.93E-04	6.47E-05	1.73E-04
1.83E-03	1.45E-03	2.98E-03	1.01E-03	6.76E-05	1.77E-04
1.88E-03	1.49E-03	3.32E-03	1.12E-03	6.94E-05	1.75E-04
1.93E-03	1.53E-03	3.67E-03	1.23E-03	7.17E-05	1.78E-04
1.99E-03	1.57E-03	4.02E-03	1.34E-03	7.40E-05	1.83E-04
2.03E-03	1.60E-03	4.38E-03	1.45E-03	7.64E-05	1.91E-04
7.96E-04	6.49E-04	4.95E-04	1.99E-04	4.27E-05	2.71E-04
1.12E-03	9.17E-04	6.97E-04	2.84E-04	6.00E-05	3.82E-04
1.31E-03	1.08E-03	8.32E-04	3.37E-04	6.97E-05	4.33E-04
	1.30E-03	1.07E-03	8.41E-04	3.41E-04	6.87E-05	4.32E-04
1.41E-03	1.16E-03	9.18E-04	3.73E-04	7.34E-05	4.52E-04
1.58E-03	1.30E-03	1.06E-03	4.26E-04	8.02E-05	4.50E-04
1.72E-03	1.42E-03	1.18E-03	4.70E-04	8.65E-05	4.71E-04
1.81E-03	1.50E-03	1.27E-03	5.08E-04	9.04E-05	5.01E-04
2.04E-03	1.69E-03	1.45E-03	5.81E-04	1.01E-04	5.59E-04
2.02E-03	1.66E-03	1.49E-03	5.83E-04	9.77E-05	4.90E-04
2.12E-03	1.74E-03	1.60E-03	6.24E-04	1.02E-04	4.98E-04
2.37E-03	1.96E-03	1.79E-03	7.05E-04	1.15E-04	5.90E-04
2.13E-03	1.70E-03	1.98E-03	7.58E-04	1.05E-04	5.52E-04
1.98E-03	1.64E-03	2.02E-03	7.61E-04	8.52E-05	4.34E-04
1.61E-03	1.18E-03	2.43E-03	8.83E-04	8.98E-05	5.91E-04
4.97E-04	3.74E-04	6.92E-04	2.60E-04	2.75E-05	2.09E-04
5.07E-05	3.27E-05	1.06E-04	3.15E-05	3.92E-06	3.04E-05
5.88E-09	5.41E-09	3.58E-09	2.29E-09	0	9.37E-09
5.89E-09	5.37E-09	3.85E-09	2.46E-09	0	1.18E-08
9.76E-09	9.00E-09	6.21E-09	4.02E-09	1.48E-09	2.01E-08
	9.81E-09	9.06E-09	6.22E-09	4.03E-09	1.48E-09	2.01E-08
3.08E-03	2.46E-03	4.98E-03	1.70E-03	1.20E-04	3.03E-04
3.06E-03	2.45E-03	5.78E-03	1.96E-03	1.12E-04	3.23E-04
2.92E-03	2.34E-03	6.65E-03	2.23E-03	1.09E-04	3.55E-04
2.85E-03	2.29E-03	7.44E-03	2.49E-03	1.12E-04	3.86E-04
2.90E-03	2.34E-03	8.12E-03	2.71E-03	1.13E-04	3.73E-04
2.94E-03	2.38E-03	8.84E-03	2.94E-03	1.16E-04	3.68E-04